 &plot nbnd=   1, nks=   248 /
            0.333333  0.577350  0.000000
 0.998
            0.330808  0.572976  0.000000
 0.998
            0.328283  0.568603  0.000000
 0.998
            0.325758  0.564229  0.000000
 0.997
            0.323232  0.559855  0.000000
 0.997
            0.320707  0.555481  0.000000
 0.997
            0.318182  0.551107  0.000000
 0.997
            0.315657  0.546733  0.000000
 0.997
            0.313131  0.542359  0.000000
 0.997
            0.310606  0.537985  0.000000
 0.996
            0.308081  0.533612  0.000000
 0.996
            0.305556  0.529238  0.000000
 0.996
            0.303030  0.524864  0.000000
 0.995
            0.300505  0.520490  0.000000
 0.995
            0.297980  0.516116  0.000000
 0.995
            0.295455  0.511742  0.000000
 0.994
            0.292929  0.507368  0.000000
 0.994
            0.290404  0.502995  0.000000
 0.994
            0.287879  0.498621  0.000000
 0.993
            0.285354  0.494247  0.000000
 0.993
            0.282828  0.489873  0.000000
 0.992
            0.280303  0.485499  0.000000
 0.992
            0.277778  0.481125  0.000000
 0.992
            0.275253  0.476751  0.000000
 0.991
            0.272727  0.472377  0.000000
 0.991
            0.270202  0.468004  0.000000
 0.990
            0.267677  0.463630  0.000000
 0.990
            0.265152  0.459256  0.000000
 0.990
            0.262626  0.454882  0.000000
 0.989
            0.260101  0.450508  0.000000
 0.988
            0.257576  0.446134  0.000000
 0.988
            0.255051  0.441760  0.000000
 0.987
            0.252525  0.437387  0.000000
 0.987
            0.250000  0.433013  0.000000
 0.986
            0.247475  0.428639  0.000000
 0.985
            0.244949  0.424265  0.000000
 0.985
            0.242424  0.419891  0.000000
 0.984
            0.239899  0.415517  0.000000
 0.983
            0.237374  0.411143  0.000000
 0.982
            0.234848  0.406770  0.000000
 0.981
            0.232323  0.402396  0.000000
 0.981
            0.229798  0.398022  0.000000
 0.980
            0.227273  0.393648  0.000000
 0.979
            0.224747  0.389274  0.000000
 0.978
            0.222222  0.384900  0.000000
 0.977
            0.219697  0.380526  0.000000
 0.976
            0.217172  0.376152  0.000000
 0.976
            0.214646  0.371779  0.000000
 0.975
            0.212121  0.367405  0.000000
 0.974
            0.209596  0.363031  0.000000
 0.973
            0.207071  0.358657  0.000000
 0.972
            0.204545  0.354283  0.000000
 0.971
            0.202020  0.349909  0.000000
 0.970
            0.199495  0.345535  0.000000
 0.969
            0.196970  0.341162  0.000000
 0.968
            0.194444  0.336788  0.000000
 0.967
            0.191919  0.332414  0.000000
 0.965
            0.189394  0.328040  0.000000
 0.964
            0.186869  0.323666  0.000000
 0.962
            0.184343  0.319292  0.000000
 0.961
            0.181818  0.314918  0.000000
 0.959
            0.179293  0.310544  0.000000
 0.957
            0.176768  0.306171  0.000000
 0.954
            0.174242  0.301797  0.000000
 0.952
            0.171717  0.297423  0.000000
 0.949
            0.169192  0.293049  0.000000
 0.946
            0.166667  0.288675  0.000000
 0.943
            0.164141  0.284301  0.000000
 0.940
            0.161616  0.279927  0.000000
 0.937
            0.159091  0.275554  0.000000
 0.934
            0.156566  0.271180  0.000000
 0.930
            0.154040  0.266806  0.000000
 0.927
            0.151515  0.262432  0.000000
 0.923
            0.148990  0.258058  0.000000
 0.920
            0.146465  0.253684  0.000000
 0.917
            0.143939  0.249310  0.000000
 0.914
            0.141414  0.244936  0.000000
 0.911
            0.138889  0.240563  0.000000
 0.908
            0.136364  0.236189  0.000000
 0.906
            0.133838  0.231815  0.000000
 0.903
            0.131313  0.227441  0.000000
 0.901
            0.128788  0.223067  0.000000
 0.899
            0.126263  0.218693  0.000000
 0.898
            0.123737  0.214319  0.000000
 0.896
            0.121212  0.209946  0.000000
 0.894
            0.118687  0.205572  0.000000
 0.893
            0.116162  0.201198  0.000000
 0.891
            0.113636  0.196824  0.000000
 0.889
            0.111111  0.192450  0.000000
 0.887
            0.108586  0.188076  0.000000
 0.885
            0.106061  0.183702  0.000000
 0.882
            0.103535  0.179328  0.000000
 0.879
            0.101010  0.174955  0.000000
 0.875
            0.098485  0.170581  0.000000
 0.871
            0.095960  0.166207  0.000000
 0.866
            0.093434  0.161833  0.000000
 0.860
            0.090909  0.157459  0.000000
 0.853
            0.088384  0.153085  0.000000
 0.846
            0.085859  0.148711  0.000000
 0.839
            0.083333  0.144338  0.000000
 0.831
            0.080808  0.139964  0.000000
 0.822
            0.078283  0.135590  0.000000
 0.813
            0.075758  0.131216  0.000000
 0.803
            0.073232  0.126842  0.000000
 0.794
            0.070707  0.122468  0.000000
 0.785
            0.068182  0.118094  0.000000
 0.776
            0.065657  0.113721  0.000000
 0.767
            0.063131  0.109347  0.000000
 0.759
            0.060606  0.104973  0.000000
 0.751
            0.058081  0.100599  0.000000
 0.745
            0.055556  0.096225  0.000000
 0.739
            0.053030  0.091851  0.000000
 0.735
            0.050505  0.087477  0.000000
 0.732
            0.047980  0.083103  0.000000
 0.730
            0.045455  0.078730  0.000000
 0.730
            0.042929  0.074356  0.000000
 0.732
            0.040404  0.069982  0.000000
 0.735
            0.037879  0.065608  0.000000
 0.741
            0.035354  0.061234  0.000000
 0.749
            0.032828  0.056860  0.000000
 0.759
            0.030303  0.052486  0.000000
 0.772
            0.027778  0.048113  0.000000
 0.787
            0.025253  0.043739  0.000000
 0.804
            0.022727  0.039365  0.000000
 0.825
            0.020202  0.034991  0.000000
 0.847
            0.017677  0.030617  0.000000
 0.871
            0.015152  0.026243  0.000000
 0.896
            0.012626  0.021869  0.000000
 0.922
            0.010101  0.017495  0.000000
 0.946
            0.007576  0.013122  0.000000
 0.968
            0.005051  0.008748  0.000000
 0.985
            0.002525  0.004374  0.000000
 0.996
            0.000253  0.000437  0.000000
 1.000
            0.000000  0.000506  0.000000
 1.000
            0.000000  0.005064  0.000000
 0.996
            0.000000  0.010129  0.000000
 0.985
            0.000000  0.015193  0.000000
 0.968
            0.000000  0.020258  0.000000
 0.946
            0.000000  0.025322  0.000000
 0.922
            0.000000  0.030387  0.000000
 0.896
            0.000000  0.035451  0.000000
 0.871
            0.000000  0.040516  0.000000
 0.846
            0.000000  0.045580  0.000000
 0.824
            0.000000  0.050645  0.000000
 0.804
            0.000000  0.055709  0.000000
 0.786
            0.000000  0.060774  0.000000
 0.771
            0.000000  0.065838  0.000000
 0.758
            0.000000  0.070903  0.000000
 0.748
            0.000000  0.075967  0.000000
 0.740
            0.000000  0.081032  0.000000
 0.734
            0.000000  0.086096  0.000000
 0.730
            0.000000  0.091161  0.000000
 0.727
            0.000000  0.096225  0.000000
 0.727
            0.000000  0.101290  0.000000
 0.728
            0.000000  0.106354  0.000000
 0.730
            0.000000  0.111418  0.000000
 0.734
            0.000000  0.116483  0.000000
 0.739
            0.000000  0.121547  0.000000
 0.744
            0.000000  0.126612  0.000000
 0.751
            0.000000  0.131676  0.000000
 0.758
            0.000000  0.136741  0.000000
 0.765
            0.000000  0.141805  0.000000
 0.773
            0.000000  0.146870  0.000000
 0.781
            0.000000  0.151934  0.000000
 0.789
            0.000000  0.156999  0.000000
 0.798
            0.000000  0.162063  0.000000
 0.806
            0.000000  0.167128  0.000000
 0.814
            0.000000  0.172192  0.000000
 0.821
            0.000000  0.177257  0.000000
 0.828
            0.000000  0.182321  0.000000
 0.835
            0.000000  0.187386  0.000000
 0.841
            0.000000  0.192450  0.000000
 0.847
            0.000000  0.197515  0.000000
 0.852
            0.000000  0.202579  0.000000
 0.857
            0.000000  0.207644  0.000000
 0.861
            0.000000  0.212708  0.000000
 0.865
            0.000000  0.217772  0.000000
 0.869
            0.000000  0.222837  0.000000
 0.872
            0.000000  0.227901  0.000000
 0.875
            0.000000  0.232966  0.000000
 0.878
            0.000000  0.238030  0.000000
 0.880
            0.000000  0.243095  0.000000
 0.883
            0.000000  0.248159  0.000000
 0.885
            0.000000  0.253224  0.000000
 0.887
            0.000000  0.258288  0.000000
 0.890
            0.000000  0.263353  0.000000
 0.892
            0.000000  0.268417  0.000000
 0.894
            0.000000  0.273482  0.000000
 0.897
            0.000000  0.278546  0.000000
 0.899
            0.000000  0.283611  0.000000
 0.902
            0.000000  0.288675  0.000000
 0.905
            0.000000  0.293740  0.000000
 0.907
            0.000000  0.298804  0.000000
 0.910
            0.000000  0.303869  0.000000
 0.913
            0.000000  0.308933  0.000000
 0.916
            0.000000  0.313998  0.000000
 0.919
            0.000000  0.319062  0.000000
 0.922
            0.000000  0.324126  0.000000
 0.925
            0.000000  0.329191  0.000000
 0.928
            0.000000  0.334255  0.000000
 0.931
            0.000000  0.339320  0.000000
 0.934
            0.000000  0.344384  0.000000
 0.937
            0.000000  0.349449  0.000000
 0.940
            0.000000  0.354513  0.000000
 0.942
            0.000000  0.359578  0.000000
 0.945
            0.000000  0.364642  0.000000
 0.948
            0.000000  0.369707  0.000000
 0.951
            0.000000  0.374771  0.000000
 0.954
            0.000000  0.379836  0.000000
 0.957
            0.000000  0.384900  0.000000
 0.959
            0.000000  0.389965  0.000000
 0.962
            0.000000  0.395029  0.000000
 0.964
            0.000000  0.400094  0.000000
 0.967
            0.000000  0.405158  0.000000
 0.969
            0.000000  0.410223  0.000000
 0.972
            0.000000  0.415287  0.000000
 0.974
            0.000000  0.420352  0.000000
 0.976
            0.000000  0.425416  0.000000
 0.978
            0.000000  0.430480  0.000000
 0.980
            0.000000  0.435545  0.000000
 0.982
            0.000000  0.440609  0.000000
 0.983
            0.000000  0.445674  0.000000
 0.985
            0.000000  0.450738  0.000000
 0.986
            0.000000  0.455803  0.000000
 0.987
            0.000000  0.460867  0.000000
 0.988
            0.000000  0.465932  0.000000
 0.989
            0.000000  0.470996  0.000000
 0.990
            0.000000  0.476061  0.000000
 0.991
            0.000000  0.481125  0.000000
 0.992
            0.000000  0.486190  0.000000
 0.993
            0.000000  0.491254  0.000000
 0.993
            0.000000  0.496319  0.000000
 0.994
            0.000000  0.501383  0.000000
 0.994
            0.000000  0.506448  0.000000
 0.995
            0.000000  0.511512  0.000000
 0.995
            0.000000  0.516577  0.000000
 0.996
            0.000000  0.521641  0.000000
 0.996
            0.000000  0.526706  0.000000
 0.996
            0.000000  0.531770  0.000000
 0.996
            0.000000  0.536834  0.000000
 0.997
            0.000000  0.541899  0.000000
 0.997
            0.000000  0.546963  0.000000
 0.997
            0.000000  0.552028  0.000000
 0.997
            0.000000  0.557092  0.000000
 0.997
            0.000000  0.562157  0.000000
 0.997
            0.000000  0.567221  0.000000
 0.997
            0.000000  0.572286  0.000000
 0.997
            0.000000  0.577350  0.000000
 0.997
