 &plot nbnd=   2, nks=   248 /
            0.333333  0.577350  0.000000
 -0.000000432  0.000364228
            0.330808  0.572976  0.000000
 -0.000000435  0.000364121
            0.328283  0.568603  0.000000
 -0.000000444  0.000363705
            0.325758  0.564229  0.000000
 -0.000000459  0.000362976
            0.323232  0.559855  0.000000
 -0.000000479  0.000361940
            0.320707  0.555481  0.000000
 -0.000000505  0.000360610
            0.318182  0.551107  0.000000
 -0.000000535  0.000359008
            0.315657  0.546733  0.000000
 -0.000000570  0.000357160
            0.313131  0.542359  0.000000
 -0.000000608  0.000355097
            0.310606  0.537985  0.000000
 -0.000000650  0.000352852
            0.308081  0.533612  0.000000
 -0.000000694  0.000350460
            0.305556  0.529238  0.000000
 -0.000000741  0.000347953
            0.303030  0.524864  0.000000
 -0.000000790  0.000345364
            0.300505  0.520490  0.000000
 -0.000000841  0.000342723
            0.297980  0.516116  0.000000
 -0.000000893  0.000340057
            0.295455  0.511742  0.000000
 -0.000000946  0.000337391
            0.292929  0.507368  0.000000
 -0.000001002  0.000334746
            0.290404  0.502995  0.000000
 -0.000001058  0.000332143
            0.287879  0.498621  0.000000
 -0.000001116  0.000329598
            0.285354  0.494247  0.000000
 -0.000001175  0.000327127
            0.282828  0.489873  0.000000
 -0.000001235  0.000324744
            0.280303  0.485499  0.000000
 -0.000001297  0.000322461
            0.277778  0.481125  0.000000
 -0.000001359  0.000320288
            0.275253  0.476751  0.000000
 -0.000001424  0.000318235
            0.272727  0.472377  0.000000
 -0.000001489  0.000316311
            0.270202  0.468004  0.000000
 -0.000001556  0.000314524
            0.267677  0.463630  0.000000
 -0.000001624  0.000312881
            0.265152  0.459256  0.000000
 -0.000001693  0.000311386
            0.262626  0.454882  0.000000
 -0.000001764  0.000310045
            0.260101  0.450508  0.000000
 -0.000001837  0.000308861
            0.257576  0.446134  0.000000
 -0.000001912  0.000307837
            0.255051  0.441760  0.000000
 -0.000001988  0.000306974
            0.252525  0.437387  0.000000
 -0.000002068  0.000306270
            0.250000  0.433013  0.000000
 -0.000002149  0.000305725
            0.247475  0.428639  0.000000
 -0.000002234  0.000305335
            0.244949  0.424265  0.000000
 -0.000002323  0.000305096
            0.242424  0.419891  0.000000
 -0.000002415  0.000305001
            0.239899  0.415517  0.000000
 -0.000002513  0.000305044
            0.237374  0.411143  0.000000
 -0.000002615  0.000305216
            0.234848  0.406770  0.000000
 -0.000002724  0.000305507
            0.232323  0.402396  0.000000
 -0.000002838  0.000305908
            0.229798  0.398022  0.000000
 -0.000002960  0.000306408
            0.227273  0.393648  0.000000
 -0.000003090  0.000306995
            0.224747  0.389274  0.000000
 -0.000003228  0.000307658
            0.222222  0.384900  0.000000
 -0.000003375  0.000308387
            0.219697  0.380526  0.000000
 -0.000003531  0.000309171
            0.217172  0.376152  0.000000
 -0.000003698  0.000310000
            0.214646  0.371779  0.000000
 -0.000003875  0.000310866
            0.212121  0.367405  0.000000
 -0.000004064  0.000311762
            0.209596  0.363031  0.000000
 -0.000004264  0.000312681
            0.207071  0.358657  0.000000
 -0.000004476  0.000313621
            0.204545  0.354283  0.000000
 -0.000004700  0.000314580
            0.202020  0.349909  0.000000
 -0.000004937  0.000315557
            0.199495  0.345535  0.000000
 -0.000005186  0.000316556
            0.196970  0.341162  0.000000
 -0.000005449  0.000317582
            0.194444  0.336788  0.000000
 -0.000005725  0.000318643
            0.191919  0.332414  0.000000
 -0.000006015  0.000319749
            0.189394  0.328040  0.000000
 -0.000006319  0.000320912
            0.186869  0.323666  0.000000
 -0.000006638  0.000322148
            0.184343  0.319292  0.000000
 -0.000006973  0.000323472
            0.181818  0.314918  0.000000
 -0.000007323  0.000324905
            0.179293  0.310544  0.000000
 -0.000007691  0.000326466
            0.176768  0.306171  0.000000
 -0.000008076  0.000328177
            0.174242  0.301797  0.000000
 -0.000008482  0.000330063
            0.171717  0.297423  0.000000
 -0.000008908  0.000332146
            0.169192  0.293049  0.000000
 -0.000009357  0.000334452
            0.166667  0.288675  0.000000
 -0.000009831  0.000337005
            0.164141  0.284301  0.000000
 -0.000010333  0.000339829
            0.161616  0.279927  0.000000
 -0.000010864  0.000342949
            0.159091  0.275554  0.000000
 -0.000011428  0.000346387
            0.156566  0.271180  0.000000
 -0.000012028  0.000350165
            0.154040  0.266806  0.000000
 -0.000012666  0.000354304
            0.151515  0.262432  0.000000
 -0.000013347  0.000358823
            0.148990  0.258058  0.000000
 -0.000014073  0.000363739
            0.146465  0.253684  0.000000
 -0.000014848  0.000369067
            0.143939  0.249310  0.000000
 -0.000015676  0.000374820
            0.141414  0.244936  0.000000
 -0.000016560  0.000381009
            0.138889  0.240563  0.000000
 -0.000017503  0.000387644
            0.136364  0.236189  0.000000
 -0.000018510  0.000394731
            0.133838  0.231815  0.000000
 -0.000019582  0.000402275
            0.131313  0.227441  0.000000
 -0.000020723  0.000410278
            0.128788  0.223067  0.000000
 -0.000021936  0.000418740
            0.126263  0.218693  0.000000
 -0.000023223  0.000427659
            0.123737  0.214319  0.000000
 -0.000024587  0.000437032
            0.121212  0.209946  0.000000
 -0.000026030  0.000446853
            0.118687  0.205572  0.000000
 -0.000027554  0.000457113
            0.116162  0.201198  0.000000
 -0.000029161  0.000467803
            0.113636  0.196824  0.000000
 -0.000030853  0.000478912
            0.111111  0.192450  0.000000
 -0.000032632  0.000490425
            0.108586  0.188076  0.000000
 -0.000034500  0.000502329
            0.106061  0.183702  0.000000
 -0.000036460  0.000514606
            0.103535  0.179328  0.000000
 -0.000038516  0.000527241
            0.101010  0.174955  0.000000
 -0.000040671  0.000540214
            0.098485  0.170581  0.000000
 -0.000042931  0.000553506
            0.095960  0.166207  0.000000
 -0.000045302  0.000567100
            0.093434  0.161833  0.000000
 -0.000047792  0.000580975
            0.090909  0.157459  0.000000
 -0.000050410  0.000595113
            0.088384  0.153085  0.000000
 -0.000053167  0.000609497
            0.085859  0.148711  0.000000
 -0.000056077  0.000624111
            0.083333  0.144338  0.000000
 -0.000059156  0.000638941
            0.080808  0.139964  0.000000
 -0.000062422  0.000653975
            0.078283  0.135590  0.000000
 -0.000065896  0.000669204
            0.075758  0.131216  0.000000
 -0.000069604  0.000684625
            0.073232  0.126842  0.000000
 -0.000073572  0.000700235
            0.070707  0.122468  0.000000
 -0.000077834  0.000716041
            0.068182  0.118094  0.000000
 -0.000082425  0.000732051
            0.065657  0.113721  0.000000
 -0.000087389  0.000748282
            0.063131  0.109347  0.000000
 -0.000092774  0.000764757
            0.060606  0.104973  0.000000
 -0.000098636  0.000781510
            0.058081  0.100599  0.000000
 -0.000105041  0.000798581
            0.055556  0.096225  0.000000
 -0.000112066  0.000816024
            0.053030  0.091851  0.000000
 -0.000119804  0.000833907
            0.050505  0.087477  0.000000
 -0.000128361  0.000852312
            0.047980  0.083103  0.000000
 -0.000137868  0.000871343
            0.045455  0.078730  0.000000
 -0.000148481  0.000891127
            0.042929  0.074356  0.000000
 -0.000160388  0.000911822
            0.040404  0.069982  0.000000
 -0.000173819  0.000933621
            0.037879  0.065608  0.000000
 -0.000189052  0.000956768
            0.035354  0.061234  0.000000
 -0.000206433  0.000981562
            0.032828  0.056860  0.000000
 -0.000226386  0.001008382
            0.030303  0.052486  0.000000
 -0.000249445  0.001037705
            0.027778  0.048113  0.000000
 -0.000276278  0.001070138
            0.025253  0.043739  0.000000
 -0.000307743  0.001106468
            0.022727  0.039365  0.000000
 -0.000344949  0.001147719
            0.020202  0.034991  0.000000
 -0.000389356  0.001195253
            0.017677  0.030617  0.000000
 -0.000442930  0.001250911
            0.015152  0.026243  0.000000
 -0.000508379  0.001317247
            0.012626  0.021869  0.000000
 -0.000589548  0.001397896
            0.010101  0.017495  0.000000
 -0.000692084  0.001498213
            0.007576  0.013122  0.000000
 -0.000824647  0.001626428
            0.005051  0.008748  0.000000
 -0.001001250  0.001795869
            0.002525  0.004374  0.000000
 -0.001246163  0.002029638
            0.000253  0.000437  0.000000
 -0.001562227  0.002330487
            0.000000  0.000506  0.000000
 -0.001562105  0.002330382
            0.000000  0.005064  0.000000
 -0.001245311  0.002028916
            0.000000  0.010129  0.000000
 -0.001000039  0.001794852
            0.000000  0.015193  0.000000
 -0.000823297  0.001625294
            0.000000  0.020258  0.000000
 -0.000690701  0.001497038
            0.000000  0.025322  0.000000
 -0.000588188  0.001396711
            0.000000  0.030387  0.000000
 -0.000507070  0.001316061
            0.000000  0.035451  0.000000
 -0.000441686  0.001249723
            0.000000  0.040516  0.000000
 -0.000388185  0.001194055
            0.000000  0.045580  0.000000
 -0.000343854  0.001146504
            0.000000  0.050645  0.000000
 -0.000306724  0.001105225
            0.000000  0.055709  0.000000
 -0.000275333  0.001068857
            0.000000  0.060774  0.000000
 -0.000248571  0.001036374
            0.000000  0.065838  0.000000
 -0.000225583  0.001006991
            0.000000  0.070903  0.000000
 -0.000205697  0.000980099
            0.000000  0.075967  0.000000
 -0.000188382  0.000955220
            0.000000  0.081032  0.000000
 -0.000173213  0.000931974
            0.000000  0.086096  0.000000
 -0.000159845  0.000910058
            0.000000  0.091161  0.000000
 -0.000147998  0.000889229
            0.000000  0.096225  0.000000
 -0.000137445  0.000869288
            0.000000  0.101290  0.000000
 -0.000127995  0.000850076
            0.000000  0.106354  0.000000
 -0.000119494  0.000831462
            0.000000  0.111418  0.000000
 -0.000111812  0.000813340
            0.000000  0.116483  0.000000
 -0.000104839  0.000795624
            0.000000  0.121547  0.000000
 -0.000098484  0.000778244
            0.000000  0.126612  0.000000
 -0.000092670  0.000761146
            0.000000  0.131676  0.000000
 -0.000087330  0.000744284
            0.000000  0.136741  0.000000
 -0.000082409  0.000727626
            0.000000  0.141805  0.000000
 -0.000077858  0.000711148
            0.000000  0.146870  0.000000
 -0.000073635  0.000694834
            0.000000  0.151934  0.000000
 -0.000069702  0.000678673
            0.000000  0.156999  0.000000
 -0.000066029  0.000662663
            0.000000  0.162063  0.000000
 -0.000062588  0.000646806
            0.000000  0.167128  0.000000
 -0.000059355  0.000631108
            0.000000  0.172192  0.000000
 -0.000056308  0.000615579
            0.000000  0.177257  0.000000
 -0.000053431  0.000600233
            0.000000  0.182321  0.000000
 -0.000050707  0.000585086
            0.000000  0.187386  0.000000
 -0.000048124  0.000570154
            0.000000  0.192450  0.000000
 -0.000045670  0.000555456
            0.000000  0.197515  0.000000
 -0.000043336  0.000541010
            0.000000  0.202579  0.000000
 -0.000041114  0.000526837
            0.000000  0.207644  0.000000
 -0.000038997  0.000512953
            0.000000  0.212708  0.000000
 -0.000036981  0.000499375
            0.000000  0.217772  0.000000
 -0.000035059  0.000486120
            0.000000  0.222837  0.000000
 -0.000033229  0.000473202
            0.000000  0.227901  0.000000
 -0.000031486  0.000460634
            0.000000  0.232966  0.000000
 -0.000029828  0.000448427
            0.000000  0.238030  0.000000
 -0.000028250  0.000436591
            0.000000  0.243095  0.000000
 -0.000026752  0.000425133
            0.000000  0.248159  0.000000
 -0.000025329  0.000414060
            0.000000  0.253224  0.000000
 -0.000023979  0.000403377
            0.000000  0.258288  0.000000
 -0.000022699  0.000393089
            0.000000  0.263353  0.000000
 -0.000021486  0.000383199
            0.000000  0.268417  0.000000
 -0.000020337  0.000373711
            0.000000  0.273482  0.000000
 -0.000019250  0.000364627
            0.000000  0.278546  0.000000
 -0.000018222  0.000355950
            0.000000  0.283611  0.000000
 -0.000017248  0.000347684
            0.000000  0.288675  0.000000
 -0.000016327  0.000339831
            0.000000  0.293740  0.000000
 -0.000015456  0.000332396
            0.000000  0.298804  0.000000
 -0.000014631  0.000325384
            0.000000  0.303869  0.000000
 -0.000013850  0.000318801
            0.000000  0.308933  0.000000
 -0.000013110  0.000312654
            0.000000  0.313998  0.000000
 -0.000012409  0.000306949
            0.000000  0.319062  0.000000
 -0.000011744  0.000301696
            0.000000  0.324126  0.000000
 -0.000011113  0.000296904
            0.000000  0.329191  0.000000
 -0.000010515  0.000292581
            0.000000  0.334255  0.000000
 -0.000009946  0.000288739
            0.000000  0.339320  0.000000
 -0.000009405  0.000285388
            0.000000  0.344384  0.000000
 -0.000008891  0.000282537
            0.000000  0.349449  0.000000
 -0.000008401  0.000280198
            0.000000  0.354513  0.000000
 -0.000007936  0.000278380
            0.000000  0.359578  0.000000
 -0.000007492  0.000277092
            0.000000  0.364642  0.000000
 -0.000007069  0.000276341
            0.000000  0.369707  0.000000
 -0.000006667  0.000276134
            0.000000  0.374771  0.000000
 -0.000006283  0.000276476
            0.000000  0.379836  0.000000
 -0.000005917  0.000277369
            0.000000  0.384900  0.000000
 -0.000005569  0.000278814
            0.000000  0.389965  0.000000
 -0.000005237  0.000280809
            0.000000  0.395029  0.000000
 -0.000004922  0.000283349
            0.000000  0.400094  0.000000
 -0.000004622  0.000286426
            0.000000  0.405158  0.000000
 -0.000004336  0.000290031
            0.000000  0.410223  0.000000
 -0.000004066  0.000294149
            0.000000  0.415287  0.000000
 -0.000003809  0.000298764
            0.000000  0.420352  0.000000
 -0.000003566  0.000303855
            0.000000  0.425416  0.000000
 -0.000003336  0.000309400
            0.000000  0.430480  0.000000
 -0.000003119  0.000315371
            0.000000  0.435545  0.000000
 -0.000002915  0.000321740
            0.000000  0.440609  0.000000
 -0.000002722  0.000328474
            0.000000  0.445674  0.000000
 -0.000002541  0.000335539
            0.000000  0.450738  0.000000
 -0.000002371  0.000342898
            0.000000  0.455803  0.000000
 -0.000002211  0.000350509
            0.000000  0.460867  0.000000
 -0.000002062  0.000358333
            0.000000  0.465932  0.000000
 -0.000001923  0.000366324
            0.000000  0.470996  0.000000
 -0.000001793  0.000374437
            0.000000  0.476061  0.000000
 -0.000001671  0.000382625
            0.000000  0.481125  0.000000
 -0.000001559  0.000390840
            0.000000  0.486190  0.000000
 -0.000001454  0.000399032
            0.000000  0.491254  0.000000
 -0.000001357  0.000407152
            0.000000  0.496319  0.000000
 -0.000001267  0.000415149
            0.000000  0.501383  0.000000
 -0.000001185  0.000422973
            0.000000  0.506448  0.000000
 -0.000001109  0.000430574
            0.000000  0.511512  0.000000
 -0.000001040  0.000437903
            0.000000  0.516577  0.000000
 -0.000000977  0.000444911
            0.000000  0.521641  0.000000
 -0.000000920  0.000451553
            0.000000  0.526706  0.000000
 -0.000000869  0.000457783
            0.000000  0.531770  0.000000
 -0.000000824  0.000463559
            0.000000  0.536834  0.000000
 -0.000000783  0.000468842
            0.000000  0.541899  0.000000
 -0.000000748  0.000473594
            0.000000  0.546963  0.000000
 -0.000000718  0.000477783
            0.000000  0.552028  0.000000
 -0.000000693  0.000481380
            0.000000  0.557092  0.000000
 -0.000000672  0.000484357
            0.000000  0.562157  0.000000
 -0.000000657  0.000486696
            0.000000  0.567221  0.000000
 -0.000000646  0.000488378
            0.000000  0.572286  0.000000
 -0.000000639  0.000489393
            0.000000  0.577350  0.000000
 -0.000000637  0.000489732
