 &plot nbnd=   1, nks=   248 /
            0.333333  0.577350  0.000000
  0.000319823
            0.330808  0.572976  0.000000
  0.000319766
            0.328283  0.568603  0.000000
  0.000319505
            0.325758  0.564229  0.000000
  0.000319033
            0.323232  0.559855  0.000000
  0.000318351
            0.320707  0.555481  0.000000
  0.000317462
            0.318182  0.551107  0.000000
  0.000316380
            0.315657  0.546733  0.000000
  0.000315119
            0.313131  0.542359  0.000000
  0.000313700
            0.310606  0.537985  0.000000
  0.000312144
            0.308081  0.533612  0.000000
  0.000310475
            0.305556  0.529238  0.000000
  0.000308716
            0.303030  0.524864  0.000000
  0.000306890
            0.300505  0.520490  0.000000
  0.000305019
            0.297980  0.516116  0.000000
  0.000303124
            0.295455  0.511742  0.000000
  0.000301225
            0.292929  0.507368  0.000000
  0.000299340
            0.290404  0.502995  0.000000
  0.000297484
            0.287879  0.498621  0.000000
  0.000295674
            0.285354  0.494247  0.000000
  0.000293923
            0.282828  0.489873  0.000000
  0.000292244
            0.280303  0.485499  0.000000
  0.000290648
            0.277778  0.481125  0.000000
  0.000289148
            0.275253  0.476751  0.000000
  0.000287752
            0.272727  0.472377  0.000000
  0.000286470
            0.270202  0.468004  0.000000
  0.000285310
            0.267677  0.463630  0.000000
  0.000284280
            0.265152  0.459256  0.000000
  0.000283385
            0.262626  0.454882  0.000000
  0.000282631
            0.260101  0.450508  0.000000
  0.000282022
            0.257576  0.446134  0.000000
  0.000281561
            0.255051  0.441760  0.000000
  0.000281248
            0.252525  0.437387  0.000000
  0.000281083
            0.250000  0.433013  0.000000
  0.000281066
            0.247475  0.428639  0.000000
  0.000281193
            0.244949  0.424265  0.000000
  0.000281460
            0.242424  0.419891  0.000000
  0.000281861
            0.239899  0.415517  0.000000
  0.000282391
            0.237374  0.411143  0.000000
  0.000283042
            0.234848  0.406770  0.000000
  0.000283804
            0.232323  0.402396  0.000000
  0.000284670
            0.229798  0.398022  0.000000
  0.000285630
            0.227273  0.393648  0.000000
  0.000286675
            0.224747  0.389274  0.000000
  0.000287797
            0.222222  0.384900  0.000000
  0.000288985
            0.219697  0.380526  0.000000
  0.000290234
            0.217172  0.376152  0.000000
  0.000291535
            0.214646  0.371779  0.000000
  0.000292884
            0.212121  0.367405  0.000000
  0.000294277
            0.209596  0.363031  0.000000
  0.000295712
            0.207071  0.358657  0.000000
  0.000297188
            0.204545  0.354283  0.000000
  0.000298708
            0.202020  0.349909  0.000000
  0.000300275
            0.199495  0.345535  0.000000
  0.000301897
            0.196970  0.341162  0.000000
  0.000303581
            0.194444  0.336788  0.000000
  0.000305338
            0.191919  0.332414  0.000000
  0.000307183
            0.189394  0.328040  0.000000
  0.000309129
            0.186869  0.323666  0.000000
  0.000311194
            0.184343  0.319292  0.000000
  0.000313398
            0.181818  0.314918  0.000000
  0.000315760
            0.179293  0.310544  0.000000
  0.000318302
            0.176768  0.306171  0.000000
  0.000321047
            0.174242  0.301797  0.000000
  0.000324018
            0.171717  0.297423  0.000000
  0.000327238
            0.169192  0.293049  0.000000
  0.000330732
            0.166667  0.288675  0.000000
  0.000334522
            0.164141  0.284301  0.000000
  0.000338631
            0.161616  0.279927  0.000000
  0.000343080
            0.159091  0.275554  0.000000
  0.000347889
            0.156566  0.271180  0.000000
  0.000353077
            0.154040  0.266806  0.000000
  0.000358659
            0.151515  0.262432  0.000000
  0.000364651
            0.148990  0.258058  0.000000
  0.000371065
            0.146465  0.253684  0.000000
  0.000377911
            0.143939  0.249310  0.000000
  0.000385197
            0.141414  0.244936  0.000000
  0.000392928
            0.138889  0.240563  0.000000
  0.000401108
            0.136364  0.236189  0.000000
  0.000409737
            0.133838  0.231815  0.000000
  0.000418813
            0.131313  0.227441  0.000000
  0.000428335
            0.128788  0.223067  0.000000
  0.000438296
            0.126263  0.218693  0.000000
  0.000448689
            0.123737  0.214319  0.000000
  0.000459505
            0.121212  0.209946  0.000000
  0.000470735
            0.118687  0.205572  0.000000
  0.000482364
            0.116162  0.201198  0.000000
  0.000494380
            0.113636  0.196824  0.000000
  0.000506766
            0.111111  0.192450  0.000000
  0.000519506
            0.108586  0.188076  0.000000
  0.000532580
            0.106061  0.183702  0.000000
  0.000545968
            0.103535  0.179328  0.000000
  0.000559648
            0.101010  0.174955  0.000000
  0.000573594
            0.098485  0.170581  0.000000
  0.000587780
            0.095960  0.166207  0.000000
  0.000602179
            0.093434  0.161833  0.000000
  0.000616759
            0.090909  0.157459  0.000000
  0.000631489
            0.088384  0.153085  0.000000
  0.000646333
            0.085859  0.148711  0.000000
  0.000661257
            0.083333  0.144338  0.000000
  0.000676223
            0.080808  0.139964  0.000000
  0.000691192
            0.078283  0.135590  0.000000
  0.000706123
            0.075758  0.131216  0.000000
  0.000720977
            0.073232  0.126842  0.000000
  0.000735713
            0.070707  0.122468  0.000000
  0.000750289
            0.068182  0.118094  0.000000
  0.000764667
            0.065657  0.113721  0.000000
  0.000778806
            0.063131  0.109347  0.000000
  0.000792668
            0.060606  0.104973  0.000000
  0.000806219
            0.058081  0.100599  0.000000
  0.000819423
            0.055556  0.096225  0.000000
  0.000832250
            0.053030  0.091851  0.000000
  0.000844668
            0.050505  0.087477  0.000000
  0.000856652
            0.047980  0.083103  0.000000
  0.000868177
            0.045455  0.078730  0.000000
  0.000879220
            0.042929  0.074356  0.000000
  0.000889761
            0.040404  0.069982  0.000000
  0.000899783
            0.037879  0.065608  0.000000
  0.000909268
            0.035354  0.061234  0.000000
  0.000918203
            0.032828  0.056860  0.000000
  0.000926575
            0.030303  0.052486  0.000000
  0.000934372
            0.027778  0.048113  0.000000
  0.000941583
            0.025253  0.043739  0.000000
  0.000948198
            0.022727  0.039365  0.000000
  0.000954211
            0.020202  0.034991  0.000000
  0.000959611
            0.017677  0.030617  0.000000
  0.000964393
            0.015152  0.026243  0.000000
  0.000968551
            0.012626  0.021869  0.000000
  0.000972078
            0.010101  0.017495  0.000000
  0.000974971
            0.007576  0.013122  0.000000
  0.000977225
            0.005051  0.008748  0.000000
  0.000978837
            0.002525  0.004374  0.000000
  0.000979805
            0.000253  0.000437  0.000000
  0.000980125
            0.000000  0.000506  0.000000
  0.000980124
            0.000000  0.005064  0.000000
  0.000979801
            0.000000  0.010129  0.000000
  0.000978822
            0.000000  0.015193  0.000000
  0.000977192
            0.000000  0.020258  0.000000
  0.000974912
            0.000000  0.025322  0.000000
  0.000971986
            0.000000  0.030387  0.000000
  0.000968418
            0.000000  0.035451  0.000000
  0.000964212
            0.000000  0.040516  0.000000
  0.000959374
            0.000000  0.045580  0.000000
  0.000953909
            0.000000  0.050645  0.000000
  0.000947824
            0.000000  0.055709  0.000000
  0.000941127
            0.000000  0.060774  0.000000
  0.000933825
            0.000000  0.065838  0.000000
  0.000925928
            0.000000  0.070903  0.000000
  0.000917445
            0.000000  0.075967  0.000000
  0.000908389
            0.000000  0.081032  0.000000
  0.000898770
            0.000000  0.086096  0.000000
  0.000888604
            0.000000  0.091161  0.000000
  0.000877905
            0.000000  0.096225  0.000000
  0.000866692
            0.000000  0.101290  0.000000
  0.000854984
            0.000000  0.106354  0.000000
  0.000842803
            0.000000  0.111418  0.000000
  0.000830174
            0.000000  0.116483  0.000000
  0.000817124
            0.000000  0.121547  0.000000
  0.000803682
            0.000000  0.126612  0.000000
  0.000789881
            0.000000  0.131676  0.000000
  0.000775754
            0.000000  0.136741  0.000000
  0.000761339
            0.000000  0.141805  0.000000
  0.000746672
            0.000000  0.146870  0.000000
  0.000731793
            0.000000  0.151934  0.000000
  0.000716741
            0.000000  0.156999  0.000000
  0.000701557
            0.000000  0.162063  0.000000
  0.000686280
            0.000000  0.167128  0.000000
  0.000670951
            0.000000  0.172192  0.000000
  0.000655606
            0.000000  0.177257  0.000000
  0.000640282
            0.000000  0.182321  0.000000
  0.000625014
            0.000000  0.187386  0.000000
  0.000609836
            0.000000  0.192450  0.000000
  0.000594777
            0.000000  0.197515  0.000000
  0.000579866
            0.000000  0.202579  0.000000
  0.000565129
            0.000000  0.207644  0.000000
  0.000550590
            0.000000  0.212708  0.000000
  0.000536270
            0.000000  0.217772  0.000000
  0.000522188
            0.000000  0.222837  0.000000
  0.000508362
            0.000000  0.227901  0.000000
  0.000494808
            0.000000  0.232966  0.000000
  0.000481540
            0.000000  0.238030  0.000000
  0.000468571
            0.000000  0.243095  0.000000
  0.000455913
            0.000000  0.248159  0.000000
  0.000443576
            0.000000  0.253224  0.000000
  0.000431570
            0.000000  0.258288  0.000000
  0.000419905
            0.000000  0.263353  0.000000
  0.000408589
            0.000000  0.268417  0.000000
  0.000397632
            0.000000  0.273482  0.000000
  0.000387041
            0.000000  0.278546  0.000000
  0.000376826
            0.000000  0.283611  0.000000
  0.000366994
            0.000000  0.288675  0.000000
  0.000357557
            0.000000  0.293740  0.000000
  0.000348522
            0.000000  0.298804  0.000000
  0.000339899
            0.000000  0.303869  0.000000
  0.000331701
            0.000000  0.308933  0.000000
  0.000323936
            0.000000  0.313998  0.000000
  0.000316618
            0.000000  0.319062  0.000000
  0.000309757
            0.000000  0.324126  0.000000
  0.000303368
            0.000000  0.329191  0.000000
  0.000297461
            0.000000  0.334255  0.000000
  0.000292052
            0.000000  0.339320  0.000000
  0.000287152
            0.000000  0.344384  0.000000
  0.000282774
            0.000000  0.349449  0.000000
  0.000278932
            0.000000  0.354513  0.000000
  0.000275637
            0.000000  0.359578  0.000000
  0.000272900
            0.000000  0.364642  0.000000
  0.000270732
            0.000000  0.369707  0.000000
  0.000269139
            0.000000  0.374771  0.000000
  0.000268130
            0.000000  0.379836  0.000000
  0.000267707
            0.000000  0.384900  0.000000
  0.000267874
            0.000000  0.389965  0.000000
  0.000268629
            0.000000  0.395029  0.000000
  0.000269968
            0.000000  0.400094  0.000000
  0.000271885
            0.000000  0.405158  0.000000
  0.000274370
            0.000000  0.410223  0.000000
  0.000277408
            0.000000  0.415287  0.000000
  0.000280983
            0.000000  0.420352  0.000000
  0.000285075
            0.000000  0.425416  0.000000
  0.000289659
            0.000000  0.430480  0.000000
  0.000294708
            0.000000  0.435545  0.000000
  0.000300193
            0.000000  0.440609  0.000000
  0.000306080
            0.000000  0.445674  0.000000
  0.000312333
            0.000000  0.450738  0.000000
  0.000318914
            0.000000  0.455803  0.000000
  0.000325782
            0.000000  0.460867  0.000000
  0.000332894
            0.000000  0.465932  0.000000
  0.000340205
            0.000000  0.470996  0.000000
  0.000347669
            0.000000  0.476061  0.000000
  0.000355239
            0.000000  0.481125  0.000000
  0.000362866
            0.000000  0.486190  0.000000
  0.000370499
            0.000000  0.491254  0.000000
  0.000378090
            0.000000  0.496319  0.000000
  0.000385588
            0.000000  0.501383  0.000000
  0.000392942
            0.000000  0.506448  0.000000
  0.000400102
            0.000000  0.511512  0.000000
  0.000407021
            0.000000  0.516577  0.000000
  0.000413649
            0.000000  0.521641  0.000000
  0.000419940
            0.000000  0.526706  0.000000
  0.000425850
            0.000000  0.531770  0.000000
  0.000431337
            0.000000  0.536834  0.000000
  0.000436360
            0.000000  0.541899  0.000000
  0.000440884
            0.000000  0.546963  0.000000
  0.000444875
            0.000000  0.552028  0.000000
  0.000448304
            0.000000  0.557092  0.000000
  0.000451145
            0.000000  0.562157  0.000000
  0.000453378
            0.000000  0.567221  0.000000
  0.000454984
            0.000000  0.572286  0.000000
  0.000455953
            0.000000  0.577350  0.000000
  0.000456277
