 &plot nbnd=   2, nks=   248 /
            0.333333  0.577350  0.000000
 -0.000000432  0.000364228
            0.330808  0.572976  0.000000
 -0.000000435  0.000364122
            0.328283  0.568603  0.000000
 -0.000000445  0.000363709
            0.325758  0.564229  0.000000
 -0.000000460  0.000362984
            0.323232  0.559855  0.000000
 -0.000000482  0.000361951
            0.320707  0.555481  0.000000
 -0.000000510  0.000360624
            0.318182  0.551107  0.000000
 -0.000000543  0.000359021
            0.315657  0.546733  0.000000
 -0.000000580  0.000357171
            0.313131  0.542359  0.000000
 -0.000000622  0.000355102
            0.310606  0.537985  0.000000
 -0.000000666  0.000352848
            0.308081  0.533612  0.000000
 -0.000000713  0.000350442
            0.305556  0.529238  0.000000
 -0.000000761  0.000347917
            0.303030  0.524864  0.000000
 -0.000000811  0.000345305
            0.300505  0.520490  0.000000
 -0.000000862  0.000342637
            0.297980  0.516116  0.000000
 -0.000000914  0.000339939
            0.295455  0.511742  0.000000
 -0.000000965  0.000337238
            0.292929  0.507368  0.000000
 -0.000001017  0.000334555
            0.290404  0.502995  0.000000
 -0.000001069  0.000331912
            0.287879  0.498621  0.000000
 -0.000001121  0.000329327
            0.285354  0.494247  0.000000
 -0.000001173  0.000326816
            0.282828  0.489873  0.000000
 -0.000001225  0.000324395
            0.280303  0.485499  0.000000
 -0.000001279  0.000322077
            0.277778  0.481125  0.000000
 -0.000001333  0.000319875
            0.275253  0.476751  0.000000
 -0.000001389  0.000317801
            0.272727  0.472377  0.000000
 -0.000001447  0.000315864
            0.270202  0.468004  0.000000
 -0.000001507  0.000314074
            0.267677  0.463630  0.000000
 -0.000001571  0.000312440
            0.265152  0.459256  0.000000
 -0.000001638  0.000310967
            0.262626  0.454882  0.000000
 -0.000001710  0.000309663
            0.260101  0.450508  0.000000
 -0.000001786  0.000308530
            0.257576  0.446134  0.000000
 -0.000001868  0.000307571
            0.255051  0.441760  0.000000
 -0.000001956  0.000306785
            0.252525  0.437387  0.000000
 -0.000002049  0.000306171
            0.250000  0.433013  0.000000
 -0.000002149  0.000305725
            0.247475  0.428639  0.000000
 -0.000002256  0.000305441
            0.244949  0.424265  0.000000
 -0.000002368  0.000305309
            0.242424  0.419891  0.000000
 -0.000002486  0.000305321
            0.239899  0.415517  0.000000
 -0.000002609  0.000305464
            0.237374  0.411143  0.000000
 -0.000002737  0.000305724
            0.234848  0.406770  0.000000
 -0.000002868  0.000306088
            0.232323  0.402396  0.000000
 -0.000003002  0.000306541
            0.229798  0.398022  0.000000
 -0.000003139  0.000307068
            0.227273  0.393648  0.000000
 -0.000003277  0.000307654
            0.224747  0.389274  0.000000
 -0.000003417  0.000308285
            0.222222  0.384900  0.000000
 -0.000003557  0.000308950
            0.219697  0.380526  0.000000
 -0.000003699  0.000309638
            0.217172  0.376152  0.000000
 -0.000003842  0.000310341
            0.214646  0.371779  0.000000
 -0.000003986  0.000311052
            0.212121  0.367405  0.000000
 -0.000004133  0.000311770
            0.209596  0.363031  0.000000
 -0.000004285  0.000312493
            0.207071  0.358657  0.000000
 -0.000004441  0.000313225
            0.204545  0.354283  0.000000
 -0.000004605  0.000313970
            0.202020  0.349909  0.000000
 -0.000004778  0.000314738
            0.199495  0.345535  0.000000
 -0.000004962  0.000315540
            0.196970  0.341162  0.000000
 -0.000005161  0.000316388
            0.194444  0.336788  0.000000
 -0.000005378  0.000317298
            0.191919  0.332414  0.000000
 -0.000005615  0.000318288
            0.189394  0.328040  0.000000
 -0.000005875  0.000319376
            0.186869  0.323666  0.000000
 -0.000006163  0.000320583
            0.184343  0.319292  0.000000
 -0.000006481  0.000321930
            0.181818  0.314918  0.000000
 -0.000006834  0.000323437
            0.179293  0.310544  0.000000
 -0.000007224  0.000325127
            0.176768  0.306171  0.000000
 -0.000007655  0.000327020
            0.174242  0.301797  0.000000
 -0.000008130  0.000329136
            0.171717  0.297423  0.000000
 -0.000008650  0.000331494
            0.169192  0.293049  0.000000
 -0.000009217  0.000334112
            0.166667  0.288675  0.000000
 -0.000009831  0.000337005
            0.164141  0.284301  0.000000
 -0.000010492  0.000340188
            0.161616  0.279927  0.000000
 -0.000011198  0.000343673
            0.159091  0.275554  0.000000
 -0.000011946  0.000347469
            0.156566  0.271180  0.000000
 -0.000012731  0.000351583
            0.154040  0.266806  0.000000
 -0.000013549  0.000356022
            0.151515  0.262432  0.000000
 -0.000014392  0.000360789
            0.148990  0.258058  0.000000
 -0.000015256  0.000365887
            0.146465  0.253684  0.000000
 -0.000016132  0.000371316
            0.143939  0.249310  0.000000
 -0.000017013  0.000377078
            0.141414  0.244936  0.000000
 -0.000017894  0.000383172
            0.138889  0.240563  0.000000
 -0.000018769  0.000389600
            0.136364  0.236189  0.000000
 -0.000019635  0.000396364
            0.133838  0.231815  0.000000
 -0.000020491  0.000403467
            0.131313  0.227441  0.000000
 -0.000021337  0.000410914
            0.128788  0.223067  0.000000
 -0.000022177  0.000418713
            0.126263  0.218693  0.000000
 -0.000023019  0.000426872
            0.123737  0.214319  0.000000
 -0.000023873  0.000435405
            0.121212  0.209946  0.000000
 -0.000024752  0.000444326
            0.118687  0.205572  0.000000
 -0.000025674  0.000453652
            0.116162  0.201198  0.000000
 -0.000026661  0.000463404
            0.113636  0.196824  0.000000
 -0.000027735  0.000473603
            0.111111  0.192450  0.000000
 -0.000028925  0.000484273
            0.108586  0.188076  0.000000
 -0.000030261  0.000495440
            0.106061  0.183702  0.000000
 -0.000031775  0.000507128
            0.103535  0.179328  0.000000
 -0.000033503  0.000519365
            0.101010  0.174955  0.000000
 -0.000035481  0.000532174
            0.098485  0.170581  0.000000
 -0.000037745  0.000545577
            0.095960  0.166207  0.000000
 -0.000040332  0.000559592
            0.093434  0.161833  0.000000
 -0.000043277  0.000574232
            0.090909  0.157459  0.000000
 -0.000046611  0.000589500
            0.088384  0.153085  0.000000
 -0.000050359  0.000605390
            0.085859  0.148711  0.000000
 -0.000054538  0.000621882
            0.083333  0.144338  0.000000
 -0.000059156  0.000638941
            0.080808  0.139964  0.000000
 -0.000064207  0.000656511
            0.078283  0.135590  0.000000
 -0.000069670  0.000674519
            0.075758  0.131216  0.000000
 -0.000075508  0.000692865
            0.073232  0.126842  0.000000
 -0.000081663  0.000711428
            0.070707  0.122468  0.000000
 -0.000088060  0.000730063
            0.068182  0.118094  0.000000
 -0.000094603  0.000748601
            0.065657  0.113721  0.000000
 -0.000101176  0.000766852
            0.063131  0.109347  0.000000
 -0.000107647  0.000784609
            0.060606  0.104973  0.000000
 -0.000113868  0.000801650
            0.058081  0.100599  0.000000
 -0.000119679  0.000817744
            0.055556  0.096225  0.000000
 -0.000124912  0.000832659
            0.053030  0.091851  0.000000
 -0.000129396  0.000846163
            0.050505  0.087477  0.000000
 -0.000132960  0.000858038
            0.047980  0.083103  0.000000
 -0.000135440  0.000868079
            0.045455  0.078730  0.000000
 -0.000136688  0.000876108
            0.042929  0.074356  0.000000
 -0.000136569  0.000881979
            0.040404  0.069982  0.000000
 -0.000134976  0.000885582
            0.037879  0.065608  0.000000
 -0.000131834  0.000886854
            0.035354  0.061234  0.000000
 -0.000127103  0.000885783
            0.032828  0.056860  0.000000
 -0.000120787  0.000882411
            0.030303  0.052486  0.000000
 -0.000112940  0.000876845
            0.027778  0.048113  0.000000
 -0.000103672  0.000869257
            0.025253  0.043739  0.000000
 -0.000093153  0.000859888
            0.022727  0.039365  0.000000
 -0.000081621  0.000849053
            0.020202  0.034991  0.000000
 -0.000069379  0.000837140
            0.017677  0.030617  0.000000
 -0.000056805  0.000824606
            0.015152  0.026243  0.000000
 -0.000044337  0.000811976
            0.012626  0.021869  0.000000
 -0.000032472  0.000799822
            0.010101  0.017495  0.000000
 -0.000021742  0.000788748
            0.007576  0.013122  0.000000
 -0.000012681  0.000779351
            0.005051  0.008748  0.000000
 -0.000005788  0.000772179
            0.002525  0.004374  0.000000
 -0.000001471  0.000767680
            0.000253  0.000437  0.000000
 -0.000000015  0.000766161
            0.000000  0.000506  0.000000
 -0.000000015  0.000766161
            0.000000  0.005064  0.000000
 -0.000001479  0.000767685
            0.000000  0.010129  0.000000
 -0.000005819  0.000772198
            0.000000  0.015193  0.000000
 -0.000012748  0.000779390
            0.000000  0.020258  0.000000
 -0.000021853  0.000788810
            0.000000  0.025322  0.000000
 -0.000032633  0.000799906
            0.000000  0.030387  0.000000
 -0.000044550  0.000812079
            0.000000  0.035451  0.000000
 -0.000057071  0.000824725
            0.000000  0.040516  0.000000
 -0.000069699  0.000837269
            0.000000  0.045580  0.000000
 -0.000081995  0.000849192
            0.000000  0.050645  0.000000
 -0.000093588  0.000860039
            0.000000  0.055709  0.000000
 -0.000104177  0.000869428
            0.000000  0.060774  0.000000
 -0.000113529  0.000877049
            0.000000  0.065838  0.000000
 -0.000121480  0.000882667
            0.000000  0.070903  0.000000
 -0.000127926  0.000886117
            0.000000  0.075967  0.000000
 -0.000132817  0.000887296
            0.000000  0.081032  0.000000
 -0.000136156  0.000886165
            0.000000  0.086096  0.000000
 -0.000137983  0.000882738
            0.000000  0.091161  0.000000
 -0.000138377  0.000877077
            0.000000  0.096225  0.000000
 -0.000137445  0.000869288
            0.000000  0.101290  0.000000
 -0.000135316  0.000859510
            0.000000  0.106354  0.000000
 -0.000132137  0.000847914
            0.000000  0.111418  0.000000
 -0.000128064  0.000834689
            0.000000  0.116483  0.000000
 -0.000123258  0.000820042
            0.000000  0.121547  0.000000
 -0.000117880  0.000804187
            0.000000  0.126612  0.000000
 -0.000112087  0.000787342
            0.000000  0.131676  0.000000
 -0.000106026  0.000769718
            0.000000  0.136741  0.000000
 -0.000099832  0.000751523
            0.000000  0.141805  0.000000
 -0.000093626  0.000732948
            0.000000  0.146870  0.000000
 -0.000087513  0.000714169
            0.000000  0.151934  0.000000
 -0.000081580  0.000695345
            0.000000  0.156999  0.000000
 -0.000075896  0.000676614
            0.000000  0.162063  0.000000
 -0.000070514  0.000658092
            0.000000  0.167128  0.000000
 -0.000065470  0.000639877
            0.000000  0.172192  0.000000
 -0.000060786  0.000622043
            0.000000  0.177257  0.000000
 -0.000056471  0.000604651
            0.000000  0.182321  0.000000
 -0.000052522  0.000587739
            0.000000  0.187386  0.000000
 -0.000048928  0.000571336
            0.000000  0.192450  0.000000
 -0.000045670  0.000555456
            0.000000  0.197515  0.000000
 -0.000042725  0.000540102
            0.000000  0.202579  0.000000
 -0.000040068  0.000525271
            0.000000  0.207644  0.000000
 -0.000037669  0.000510954
            0.000000  0.212708  0.000000
 -0.000035500  0.000497135
            0.000000  0.217772  0.000000
 -0.000033533  0.000483800
            0.000000  0.222837  0.000000
 -0.000031740  0.000470930
            0.000000  0.227901  0.000000
 -0.000030097  0.000458506
            0.000000  0.232966  0.000000
 -0.000028581  0.000446511
            0.000000  0.238030  0.000000
 -0.000027172  0.000434930
            0.000000  0.243095  0.000000
 -0.000025851  0.000423747
            0.000000  0.248159  0.000000
 -0.000024605  0.000412950
            0.000000  0.253224  0.000000
 -0.000023422  0.000402530
            0.000000  0.258288  0.000000
 -0.000022291  0.000392478
            0.000000  0.263353  0.000000
 -0.000021205  0.000382791
            0.000000  0.268417  0.000000
 -0.000020159  0.000373466
            0.000000  0.273482  0.000000
 -0.000019150  0.000364504
            0.000000  0.278546  0.000000
 -0.000018176  0.000355907
            0.000000  0.283611  0.000000
 -0.000017235  0.000347680
            0.000000  0.288675  0.000000
 -0.000016327  0.000339831
            0.000000  0.293740  0.000000
 -0.000015454  0.000332368
            0.000000  0.298804  0.000000
 -0.000014616  0.000325302
            0.000000  0.303869  0.000000
 -0.000013813  0.000318645
            0.000000  0.308933  0.000000
 -0.000013047  0.000312411
            0.000000  0.313998  0.000000
 -0.000012319  0.000306612
            0.000000  0.319062  0.000000
 -0.000011628  0.000301265
            0.000000  0.324126  0.000000
 -0.000010975  0.000296383
            0.000000  0.329191  0.000000
 -0.000010360  0.000291982
            0.000000  0.334255  0.000000
 -0.000009780  0.000288078
            0.000000  0.339320  0.000000
 -0.000009236  0.000284683
            0.000000  0.344384  0.000000
 -0.000008724  0.000281813
            0.000000  0.349449  0.000000
 -0.000008244  0.000279479
            0.000000  0.354513  0.000000
 -0.000007793  0.000277692
            0.000000  0.359578  0.000000
 -0.000007369  0.000276461
            0.000000  0.364642  0.000000
 -0.000006969  0.000275794
            0.000000  0.369707  0.000000
 -0.000006591  0.000275695
            0.000000  0.374771  0.000000
 -0.000006234  0.000276167
            0.000000  0.379836  0.000000
 -0.000005893  0.000277207
            0.000000  0.384900  0.000000
 -0.000005569  0.000278814
            0.000000  0.389965  0.000000
 -0.000005259  0.000280979
            0.000000  0.395029  0.000000
 -0.000004962  0.000283692
            0.000000  0.400094  0.000000
 -0.000004677  0.000286941
            0.000000  0.405158  0.000000
 -0.000004403  0.000290708
            0.000000  0.410223  0.000000
 -0.000004139  0.000294974
            0.000000  0.415287  0.000000
 -0.000003886  0.000299717
            0.000000  0.420352  0.000000
 -0.000003642  0.000304911
            0.000000  0.425416  0.000000
 -0.000003410  0.000310530
            0.000000  0.430480  0.000000
 -0.000003187  0.000316544
            0.000000  0.435545  0.000000
 -0.000002975  0.000322920
            0.000000  0.440609  0.000000
 -0.000002774  0.000329628
            0.000000  0.445674  0.000000
 -0.000002583  0.000336631
            0.000000  0.450738  0.000000
 -0.000002404  0.000343895
            0.000000  0.455803  0.000000
 -0.000002236  0.000351383
            0.000000  0.460867  0.000000
 -0.000002080  0.000359057
            0.000000  0.465932  0.000000
 -0.000001934  0.000366880
            0.000000  0.470996  0.000000
 -0.000001799  0.000374812
            0.000000  0.476061  0.000000
 -0.000001674  0.000382812
            0.000000  0.481125  0.000000
 -0.000001559  0.000390840
            0.000000  0.486190  0.000000
 -0.000001453  0.000398853
            0.000000  0.491254  0.000000
 -0.000001356  0.000406808
            0.000000  0.496319  0.000000
 -0.000001267  0.000414661
            0.000000  0.501383  0.000000
 -0.000001185  0.000422367
            0.000000  0.506448  0.000000
 -0.000001111  0.000429879
            0.000000  0.511512  0.000000
 -0.000001043  0.000437152
            0.000000  0.516577  0.000000
 -0.000000982  0.000444136
            0.000000  0.521641  0.000000
 -0.000000926  0.000450785
            0.000000  0.526706  0.000000
 -0.000000875  0.000457052
            0.000000  0.531770  0.000000
 -0.000000830  0.000462889
            0.000000  0.536834  0.000000
 -0.000000789  0.000468254
            0.000000  0.541899  0.000000
 -0.000000754  0.000473101
            0.000000  0.546963  0.000000
 -0.000000723  0.000477392
            0.000000  0.552028  0.000000
 -0.000000696  0.000481090
            0.000000  0.557092  0.000000
 -0.000000675  0.000484163
            0.000000  0.562157  0.000000
 -0.000000658  0.000486582
            0.000000  0.567221  0.000000
 -0.000000646  0.000488326
            0.000000  0.572286  0.000000
 -0.000000639  0.000489379
            0.000000  0.577350  0.000000
 -0.000000637  0.000489732
