 &plot nbnd=   1, nks=   500 /
            0.000000  0.000000  0.000000
    9.171
            0.000000  0.003155  0.000000
    7.852
            0.000000  0.006310  0.000000
    7.899
            0.000000  0.009465  0.000000
    5.449
            0.000000  0.012620  0.000000
    5.015
            0.000000  0.015775  0.000000
    6.405
            0.000000  0.018930  0.000000
    6.386
            0.000000  0.022084  0.000000
    6.615
            0.000000  0.025239  0.000000
    6.853
            0.000000  0.028394  0.000000
    7.158
            0.000000  0.031549  0.000000
    7.090
            0.000000  0.034704  0.000000
    6.927
            0.000000  0.037859  0.000000
    7.194
            0.000000  0.041014  0.000000
    7.301
            0.000000  0.044169  0.000000
    7.362
            0.000000  0.047324  0.000000
    7.977
            0.000000  0.050479  0.000000
    8.072
            0.000000  0.053634  0.000000
    7.863
            0.000000  0.056789  0.000000
    8.099
            0.000000  0.059943  0.000000
    8.116
            0.000000  0.063098  0.000000
    8.745
            0.000000  0.066253  0.000000
    8.552
            0.000000  0.069408  0.000000
    8.727
            0.000000  0.072563  0.000000
    9.124
            0.000000  0.075718  0.000000
    9.284
            0.000000  0.078873  0.000000
    9.083
            0.000000  0.082028  0.000000
    9.008
            0.000000  0.085183  0.000000
    8.810
            0.000000  0.088338  0.000000
    8.755
            0.000000  0.091493  0.000000
    8.861
            0.000000  0.094648  0.000000
    8.900
            0.000000  0.097803  0.000000
    9.387
            0.000000  0.100957  0.000000
    8.891
            0.000000  0.104112  0.000000
    8.916
            0.000000  0.107267  0.000000
    9.014
            0.000000  0.110422  0.000000
    8.847
            0.000000  0.113577  0.000000
    9.117
            0.000000  0.116732  0.000000
    8.588
            0.000000  0.119887  0.000000
    9.087
            0.000000  0.123042  0.000000
    8.894
            0.000000  0.126197  0.000000
    8.702
            0.000000  0.129352  0.000000
    8.829
            0.000000  0.132507  0.000000
    9.020
            0.000000  0.135662  0.000000
    8.912
            0.000000  0.138816  0.000000
    8.928
            0.000000  0.141971  0.000000
    8.959
            0.000000  0.145126  0.000000
    8.899
            0.000000  0.148281  0.000000
    8.982
            0.000000  0.151436  0.000000
    8.979
            0.000000  0.154591  0.000000
    9.157
            0.000000  0.157746  0.000000
    8.937
            0.000000  0.160901  0.000000
    8.933
            0.000000  0.164056  0.000000
    8.705
            0.000000  0.167211  0.000000
    9.041
            0.000000  0.170366  0.000000
    8.689
            0.000000  0.173521  0.000000
    9.122
            0.000000  0.176675  0.000000
    8.764
            0.000000  0.179830  0.000000
    8.893
            0.000000  0.182985  0.000000
    8.896
            0.000000  0.186140  0.000000
    8.953
            0.000000  0.189295  0.000000
    9.123
            0.000000  0.192450  0.000000
    9.024
            0.000000  0.195605  0.000000
    9.084
            0.000000  0.198760  0.000000
    8.945
            0.000000  0.201915  0.000000
    8.893
            0.000000  0.205070  0.000000
    8.851
            0.000000  0.208225  0.000000
    8.782
            0.000000  0.211380  0.000000
    8.826
            0.000000  0.214535  0.000000
    8.830
            0.000000  0.217689  0.000000
    8.881
            0.000000  0.220844  0.000000
    8.940
            0.000000  0.223999  0.000000
    8.896
            0.000000  0.227154  0.000000
    8.986
            0.000000  0.230309  0.000000
    8.929
            0.000000  0.233464  0.000000
    8.873
            0.000000  0.236619  0.000000
    8.998
            0.000000  0.239774  0.000000
    8.836
            0.000000  0.242929  0.000000
    8.980
            0.000000  0.246084  0.000000
    8.966
            0.000000  0.249239  0.000000
    8.773
            0.000000  0.252394  0.000000
    9.113
            0.000000  0.255548  0.000000
    8.841
            0.000000  0.258703  0.000000
    8.877
            0.000000  0.261858  0.000000
    9.081
            0.000000  0.265013  0.000000
    8.762
            0.000000  0.268168  0.000000
    9.031
            0.000000  0.271323  0.000000
    8.902
            0.000000  0.274478  0.000000
    8.879
            0.000000  0.277633  0.000000
    8.920
            0.000000  0.280788  0.000000
    8.055
            0.000000  0.283943  0.000000
    7.947
            0.000000  0.287098  0.000000
    7.987
            0.000000  0.290253  0.000000
    8.056
            0.000000  0.293408  0.000000
    7.801
            0.000000  0.296562  0.000000
    8.110
            0.000000  0.299717  0.000000
    7.811
            0.000000  0.302872  0.000000
    8.045
            0.000000  0.306027  0.000000
    8.061
            0.000000  0.309182  0.000000
    8.099
            0.000000  0.312337  0.000000
    8.104
            0.000000  0.315492  0.000000
    8.129
            0.000000  0.318647  0.000000
    7.828
            0.000000  0.321802  0.000000
    8.047
            0.000000  0.324957  0.000000
    7.792
            0.000000  0.328112  0.000000
    8.196
            0.000000  0.331267  0.000000
    8.071
            0.000000  0.334421  0.000000
    8.103
            0.000000  0.337576  0.000000
    7.856
            0.000000  0.340731  0.000000
    7.832
            0.000000  0.343886  0.000000
    8.028
            0.000000  0.347041  0.000000
    8.109
            0.000000  0.350196  0.000000
    8.090
            0.000000  0.353351  0.000000
    7.730
            0.000000  0.356506  0.000000
    8.050
            0.000000  0.359661  0.000000
    7.945
            0.000000  0.362816  0.000000
    8.153
            0.000000  0.365971  0.000000
    7.805
            0.000000  0.369126  0.000000
    8.037
            0.000000  0.372281  0.000000
    7.952
            0.000000  0.375435  0.000000
    8.017
            0.000000  0.378590  0.000000
    8.009
            0.000000  0.381745  0.000000
    7.886
            0.000000  0.384900  0.000000
    8.016
            0.000000  0.388055  0.000000
    8.023
            0.000000  0.391210  0.000000
    7.907
            0.000000  0.394365  0.000000
    8.017
            0.000000  0.397520  0.000000
    7.946
            0.000000  0.400675  0.000000
    8.028
            0.000000  0.403830  0.000000
    7.937
            0.000000  0.406985  0.000000
    8.045
            0.000000  0.410140  0.000000
    7.844
            0.000000  0.413294  0.000000
    7.972
            0.000000  0.416449  0.000000
    8.090
            0.000000  0.419604  0.000000
    8.061
            0.000000  0.422759  0.000000
    7.975
            0.000000  0.425914  0.000000
    7.891
            0.000000  0.429069  0.000000
    8.036
            0.000000  0.432224  0.000000
    7.816
            0.000000  0.435379  0.000000
    7.919
            0.000000  0.438534  0.000000
    7.851
            0.000000  0.441689  0.000000
    8.134
            0.000000  0.444844  0.000000
    8.043
            0.000000  0.447999  0.000000
    8.056
            0.000000  0.451153  0.000000
    7.891
            0.000000  0.454308  0.000000
    8.082
            0.000000  0.457463  0.000000
    7.959
            0.000000  0.460618  0.000000
    8.019
            0.000000  0.463773  0.000000
    7.735
            0.000000  0.466928  0.000000
    7.928
            0.000000  0.470083  0.000000
    7.990
            0.000000  0.473238  0.000000
    8.064
            0.000000  0.476393  0.000000
    8.093
            0.000000  0.479548  0.000000
    7.908
            0.000000  0.482703  0.000000
    8.122
            0.000000  0.485858  0.000000
    8.102
            0.000000  0.489013  0.000000
    7.942
            0.000000  0.492167  0.000000
    8.094
            0.000000  0.495322  0.000000
    8.115
            0.000000  0.498477  0.000000
    8.031
            0.000000  0.501632  0.000000
    7.975
            0.000000  0.504787  0.000000
    7.853
            0.000000  0.507942  0.000000
    7.789
            0.000000  0.511097  0.000000
    7.992
            0.000000  0.514252  0.000000
    8.189
            0.000000  0.517407  0.000000
    8.134
            0.000000  0.520562  0.000000
    8.038
            0.000000  0.523717  0.000000
    8.090
            0.000000  0.526872  0.000000
    8.218
            0.000000  0.530026  0.000000
    8.210
            0.000000  0.533181  0.000000
    8.002
            0.000000  0.536336  0.000000
    7.788
            0.000000  0.539491  0.000000
    7.702
            0.000000  0.542646  0.000000
    7.754
            0.000000  0.545801  0.000000
    7.893
            0.000000  0.548956  0.000000
    8.033
            0.000000  0.552111  0.000000
    8.105
            0.000000  0.555266  0.000000
    8.116
            0.000000  0.558421  0.000000
    8.088
            0.000000  0.561576  0.000000
    8.052
            0.000000  0.564731  0.000000
    8.015
            0.000000  0.567886  0.000000
    7.991
            0.000000  0.571040  0.000000
    7.979
            0.000000  0.574195  0.000000
    7.976
            0.000000  0.577350  0.000000
    7.975
            0.003175  0.577350  0.000000
    7.979
            0.006349  0.577350  0.000000
    7.990
            0.009524  0.577350  0.000000
    8.009
            0.012698  0.577350  0.000000
    8.033
            0.015873  0.577350  0.000000
    8.065
            0.019048  0.577350  0.000000
    8.104
            0.022222  0.577350  0.000000
    8.139
            0.025397  0.577350  0.000000
    8.167
            0.028571  0.577350  0.000000
    8.173
            0.031746  0.577350  0.000000
    8.146
            0.034921  0.577350  0.000000
    8.080
            0.038095  0.577350  0.000000
    7.985
            0.041270  0.577350  0.000000
    7.877
            0.044444  0.577350  0.000000
    7.795
            0.047619  0.577350  0.000000
    7.758
            0.050794  0.577350  0.000000
    7.794
            0.053968  0.577350  0.000000
    7.913
            0.057143  0.577350  0.000000
    8.074
            0.060317  0.577350  0.000000
    8.226
            0.063492  0.577350  0.000000
    8.269
            0.066667  0.577350  0.000000
    8.187
            0.069841  0.577350  0.000000
    8.069
            0.073016  0.577350  0.000000
    8.008
            0.076190  0.577350  0.000000
    8.047
            0.079365  0.577350  0.000000
    8.136
            0.082540  0.577350  0.000000
    8.137
            0.085714  0.577350  0.000000
    7.986
            0.088889  0.577350  0.000000
    7.856
            0.092063  0.577350  0.000000
    8.633
            0.095238  0.577350  0.000000
    8.763
            0.098413  0.577350  0.000000
    8.975
            0.101587  0.577350  0.000000
    9.052
            0.104762  0.577350  0.000000
    8.966
            0.107937  0.577350  0.000000
    8.881
            0.111111  0.577350  0.000000
    8.925
            0.114286  0.577350  0.000000
    8.986
            0.117460  0.577350  0.000000
    8.974
            0.120635  0.577350  0.000000
    8.957
            0.123810  0.577350  0.000000
    8.993
            0.126984  0.577350  0.000000
    9.008
            0.130159  0.577350  0.000000
    8.886
            0.133333  0.577350  0.000000
    8.834
            0.136508  0.577350  0.000000
    8.863
            0.139683  0.577350  0.000000
    8.817
            0.142857  0.577350  0.000000
    8.735
            0.146032  0.577350  0.000000
    8.914
            0.149206  0.577350  0.000000
    9.217
            0.152381  0.577350  0.000000
    9.136
            0.155556  0.577350  0.000000
    8.828
            0.158730  0.577350  0.000000
    8.800
            0.161905  0.577350  0.000000
    8.980
            0.165079  0.577350  0.000000
    8.972
            0.168254  0.577350  0.000000
    8.883
            0.171429  0.577350  0.000000
    8.877
            0.174603  0.577350  0.000000
    8.792
            0.177778  0.577350  0.000000
    8.737
            0.180952  0.577350  0.000000
    8.921
            0.184127  0.577350  0.000000
    9.051
            0.187302  0.577350  0.000000
    8.934
            0.190476  0.577350  0.000000
    8.922
            0.193651  0.577350  0.000000
    9.042
            0.196825  0.577350  0.000000
    8.927
            0.200000  0.577350  0.000000
    8.712
            0.203175  0.577350  0.000000
    8.761
            0.206349  0.577350  0.000000
    8.879
            0.209524  0.577350  0.000000
    8.850
            0.212698  0.577350  0.000000
    8.897
            0.215873  0.577350  0.000000
    8.949
            0.219048  0.577350  0.000000
    8.801
            0.222222  0.577350  0.000000
    8.755
            0.225397  0.577350  0.000000
    9.002
            0.228571  0.577350  0.000000
    9.213
            0.231746  0.577350  0.000000
    9.088
            0.234921  0.577350  0.000000
    8.887
            0.238095  0.577350  0.000000
    8.810
            0.241270  0.577350  0.000000
    8.752
            0.244444  0.577350  0.000000
    8.652
            0.247619  0.577350  0.000000
    8.721
            0.250794  0.577350  0.000000
    8.959
            0.253968  0.577350  0.000000
    9.111
            0.257143  0.577350  0.000000
    9.003
            0.260317  0.577350  0.000000
    8.826
            0.263492  0.577350  0.000000
    8.784
            0.266667  0.577350  0.000000
    8.872
            0.269841  0.577350  0.000000
    8.957
            0.273016  0.577350  0.000000
    8.967
            0.276190  0.577350  0.000000
    8.979
            0.279365  0.577350  0.000000
    9.035
            0.282540  0.577350  0.000000
    9.112
            0.285714  0.577350  0.000000
    9.158
            0.288889  0.577350  0.000000
    9.128
            0.292063  0.577350  0.000000
    9.017
            0.295238  0.577350  0.000000
    8.876
            0.298413  0.577350  0.000000
    8.758
            0.301587  0.577350  0.000000
    8.678
            0.304762  0.577350  0.000000
    8.638
            0.307937  0.577350  0.000000
    8.627
            0.311111  0.577350  0.000000
    8.640
            0.314286  0.577350  0.000000
    8.666
            0.317460  0.577350  0.000000
    8.691
            0.320635  0.577350  0.000000
    8.719
            0.323810  0.577350  0.000000
    8.745
            0.326984  0.577350  0.000000
    8.765
            0.330159  0.577350  0.000000
    8.777
            0.333333  0.577350  0.000000
    8.781
            0.331754  0.574614  0.000000
    8.777
            0.330174  0.571878  0.000000
    8.764
            0.328594  0.569141  0.000000
    8.749
            0.327014  0.566405  0.000000
    8.737
            0.325434  0.563669  0.000000
    8.712
            0.323855  0.560933  0.000000
    8.685
            0.322275  0.558196  0.000000
    8.659
            0.320695  0.555460  0.000000
    8.641
            0.319115  0.552724  0.000000
    8.636
            0.317536  0.549988  0.000000
    8.647
            0.315956  0.547251  0.000000
    8.676
            0.314376  0.544515  0.000000
    8.716
            0.312796  0.541779  0.000000
    8.759
            0.311216  0.539043  0.000000
    8.793
            0.309637  0.536306  0.000000
    8.810
            0.308057  0.533570  0.000000
    8.811
            0.306477  0.530834  0.000000
    8.810
            0.304897  0.528098  0.000000
    8.828
            0.303318  0.525361  0.000000
    8.879
            0.301738  0.522625  0.000000
    8.947
            0.300158  0.519889  0.000000
    8.965
            0.298578  0.517153  0.000000
    8.881
            0.296998  0.514416  0.000000
    8.763
            0.295419  0.511680  0.000000
    8.691
            0.293839  0.508944  0.000000
    8.750
            0.292259  0.506208  0.000000
    8.936
            0.290679  0.503471  0.000000
    9.038
            0.289100  0.500735  0.000000
    8.922
            0.287520  0.497999  0.000000
    8.728
            0.285940  0.495263  0.000000
    8.718
            0.284360  0.492526  0.000000
    8.956
            0.282780  0.489790  0.000000
    9.194
            0.281201  0.487054  0.000000
    9.100
            0.279621  0.484318  0.000000
    8.878
            0.278041  0.481581  0.000000
    8.840
            0.276461  0.478845  0.000000
    9.032
            0.274882  0.476109  0.000000
    9.035
            0.273302  0.473372  0.000000
    8.820
            0.271722  0.470636  0.000000
    8.746
            0.270142  0.467900  0.000000
    8.878
            0.268562  0.465164  0.000000
    8.960
            0.266983  0.462427  0.000000
    8.998
            0.265403  0.459691  0.000000
    9.027
            0.263823  0.456955  0.000000
    8.934
            0.262243  0.454219  0.000000
    8.864
            0.260664  0.451482  0.000000
    8.920
            0.259084  0.448746  0.000000
    8.851
            0.257504  0.446010  0.000000
    8.888
            0.255924  0.443274  0.000000
    9.068
            0.254344  0.440537  0.000000
    8.968
            0.252765  0.437801  0.000000
    8.757
            0.251185  0.435065  0.000000
    8.891
            0.249605  0.432329  0.000000
    9.107
            0.248025  0.429592  0.000000
    8.921
            0.246445  0.426856  0.000000
    8.871
            0.244866  0.424120  0.000000
    8.950
            0.243286  0.421384  0.000000
    8.935
            0.241706  0.418647  0.000000
    9.060
            0.240126  0.415911  0.000000
    8.873
            0.238547  0.413175  0.000000
    8.966
            0.236967  0.410439  0.000000
    8.842
            0.235387  0.407702  0.000000
    9.033
            0.233807  0.404966  0.000000
    9.053
            0.232227  0.402230  0.000000
    8.956
            0.230648  0.399494  0.000000
    9.002
            0.229068  0.396757  0.000000
    8.735
            0.227488  0.394021  0.000000
    8.885
            0.225908  0.391285  0.000000
    8.960
            0.224329  0.388549  0.000000
    8.884
            0.222749  0.385812  0.000000
    9.072
            0.221169  0.383076  0.000000
    8.831
            0.219589  0.380340  0.000000
    9.020
            0.218009  0.377603  0.000000
    8.821
            0.216430  0.374867  0.000000
    9.044
            0.214850  0.372131  0.000000
    8.850
            0.213270  0.369395  0.000000
    8.968
            0.211690  0.366658  0.000000
    8.921
            0.210111  0.363922  0.000000
    8.974
            0.208531  0.361186  0.000000
    8.791
            0.206951  0.358450  0.000000
    9.156
            0.205371  0.355713  0.000000
    8.657
            0.203791  0.352977  0.000000
    9.128
            0.202212  0.350241  0.000000
    8.841
            0.200632  0.347505  0.000000
    8.936
            0.199052  0.344768  0.000000
    8.896
            0.197472  0.342032  0.000000
    8.999
            0.195893  0.339296  0.000000
    8.907
            0.194313  0.336560  0.000000
    8.877
            0.192733  0.333823  0.000000
    8.908
            0.191153  0.331087  0.000000
    9.144
            0.189573  0.328351  0.000000
    8.682
            0.187994  0.325615  0.000000
    8.988
            0.186414  0.322878  0.000000
    8.989
            0.184834  0.320142  0.000000
    8.918
            0.183254  0.317406  0.000000
    8.923
            0.181675  0.314670  0.000000
    8.938
            0.180095  0.311933  0.000000
    8.772
            0.178515  0.309197  0.000000
    8.992
            0.176935  0.306461  0.000000
    9.206
            0.175355  0.303725  0.000000
    8.695
            0.173776  0.300988  0.000000
    8.854
            0.172196  0.298252  0.000000
    8.953
            0.170616  0.295516  0.000000
    9.023
            0.169036  0.292780  0.000000
    8.886
            0.167457  0.290043  0.000000
    8.983
            0.165877  0.287307  0.000000
    8.989
            0.164297  0.284571  0.000000
    8.790
            0.162717  0.281834  0.000000
    9.000
            0.161137  0.279098  0.000000
    8.787
            0.159558  0.276362  0.000000
    8.810
            0.157978  0.273626  0.000000
    9.108
            0.156398  0.270889  0.000000
    9.100
            0.154818  0.268153  0.000000
    9.031
            0.153239  0.265417  0.000000
    8.789
            0.151659  0.262681  0.000000
    8.847
            0.150079  0.259944  0.000000
    8.859
            0.148499  0.257208  0.000000
    8.716
            0.146919  0.254472  0.000000
    9.058
            0.145340  0.251736  0.000000
    9.069
            0.143760  0.248999  0.000000
    8.836
            0.142180  0.246263  0.000000
    9.030
            0.140600  0.243527  0.000000
    8.987
            0.139021  0.240791  0.000000
    8.846
            0.137441  0.238054  0.000000
    8.954
            0.135861  0.235318  0.000000
    8.952
            0.134281  0.232582  0.000000
    8.969
            0.132701  0.229846  0.000000
    8.929
            0.131122  0.227109  0.000000
    8.869
            0.129542  0.224373  0.000000
    8.971
            0.127962  0.221637  0.000000
    8.806
            0.126382  0.218901  0.000000
    8.747
            0.124803  0.216164  0.000000
    8.994
            0.123223  0.213428  0.000000
    8.830
            0.121643  0.210692  0.000000
    8.818
            0.120063  0.207956  0.000000
    9.131
            0.118483  0.205219  0.000000
    8.919
            0.116904  0.202483  0.000000
    8.894
            0.115324  0.199747  0.000000
    9.162
            0.113744  0.197011  0.000000
    8.866
            0.112164  0.194274  0.000000
    8.869
            0.110585  0.191538  0.000000
    9.086
            0.109005  0.188802  0.000000
    8.764
            0.107425  0.186065  0.000000
    8.895
            0.105845  0.183329  0.000000
    9.029
            0.104265  0.180593  0.000000
    8.762
            0.102686  0.177857  0.000000
    9.048
            0.101106  0.175120  0.000000
    8.950
            0.099526  0.172384  0.000000
    8.766
            0.097946  0.169648  0.000000
    8.992
            0.096367  0.166912  0.000000
    8.749
            0.094787  0.164175  0.000000
    8.926
            0.093207  0.161439  0.000000
    9.071
            0.091627  0.158703  0.000000
    9.056
            0.090047  0.155967  0.000000
    9.180
            0.088468  0.153230  0.000000
    9.005
            0.086888  0.150494  0.000000
    8.905
            0.085308  0.147758  0.000000
    8.860
            0.083728  0.145022  0.000000
    8.920
            0.082148  0.142285  0.000000
    8.820
            0.080569  0.139549  0.000000
    8.912
            0.078989  0.136813  0.000000
    8.618
            0.077409  0.134077  0.000000
    9.068
            0.075829  0.131340  0.000000
    8.876
            0.074250  0.128604  0.000000
    9.075
            0.072670  0.125868  0.000000
    8.673
            0.071090  0.123132  0.000000
    9.037
            0.069510  0.120395  0.000000
    8.945
            0.067930  0.117659  0.000000
    9.006
            0.066351  0.114923  0.000000
    8.967
            0.064771  0.112187  0.000000
    8.931
            0.063191  0.109450  0.000000
    8.744
            0.061611  0.106714  0.000000
    8.780
            0.060032  0.103978  0.000000
    9.230
            0.058452  0.101242  0.000000
    8.852
            0.056872  0.098505  0.000000
    9.064
            0.055292  0.095769  0.000000
    8.813
            0.053712  0.093033  0.000000
    8.858
            0.052133  0.090296  0.000000
    9.005
            0.050553  0.087560  0.000000
    8.721
            0.048973  0.084824  0.000000
    9.222
            0.047393  0.082088  0.000000
    8.875
            0.045814  0.079351  0.000000
    8.948
            0.044234  0.076615  0.000000
    8.831
            0.042654  0.073879  0.000000
    8.848
            0.041074  0.071143  0.000000
    8.992
            0.039494  0.068406  0.000000
    8.969
            0.037915  0.065670  0.000000
    8.998
            0.036335  0.062934  0.000000
    8.921
            0.034755  0.060198  0.000000
    8.694
            0.033175  0.057461  0.000000
    8.764
            0.031596  0.054725  0.000000
    9.274
            0.030016  0.051989  0.000000
    8.866
            0.028436  0.049253  0.000000
    8.896
            0.026856  0.046516  0.000000
    8.667
            0.025276  0.043780  0.000000
    8.953
            0.023697  0.041044  0.000000
    9.060
            0.022117  0.038308  0.000000
    8.717
            0.020537  0.035571  0.000000
    8.905
            0.018957  0.032835  0.000000
    8.962
            0.017378  0.030099  0.000000
    8.761
            0.015798  0.027363  0.000000
    9.033
            0.014218  0.024626  0.000000
    7.070
            0.012638  0.021890  0.000000
    6.750
            0.011058  0.019154  0.000000
    6.140
            0.009479  0.016418  0.000000
    4.124
            0.007899  0.013681  0.000000
    3.816
            0.006319  0.010945  0.000000
    4.128
            0.004739  0.008209  0.000000
    5.433
            0.003160  0.005473  0.000000
    5.806
            0.001580  0.002736  0.000000
    7.756
            0.000000  0.000000  0.000000
    9.171
