 &plot nbnd=   9, nks=    51 /
            0.333333  0.577350  0.000000
 0.000000 0.000000 0.012299 0.000000 0.000000 0.000000 0.000000 0.000000 0.076575
            0.312500  0.541266  0.000000
 0.000000 0.006137 0.011258 0.000000 0.000000 0.026770 0.000000 0.033814 0.072471
            0.291667  0.505181  0.000000
 0.000000 0.010080 0.008798 0.000000 0.000000 0.045063 0.000000 0.043676 0.078801
            0.270833  0.469097  0.000000
 0.000000 0.012283 0.005421 0.000000 0.000000 0.055668 0.050837 0.000000 0.092435
            0.250000  0.433013  0.000000
 0.000000 0.013108 0.001324 0.000000 0.000000 0.062746 0.058625 0.000000 0.110342
            0.229167  0.396928  0.000000
 0.000000 0.012885 0.003191 0.000000 0.000000 0.069648 0.067704 0.000000 0.132096
            0.208333  0.360844  0.000000
 0.000000 0.012026 0.000000 0.007812 0.000000 0.078798 0.078492 0.000000 0.158832
            0.187500  0.324760  0.000000
 0.000000 0.010948 0.000000 0.012508 0.000000 0.091690 0.091416 0.000000 0.192611
            0.166667  0.288675  0.000000
 0.000000 0.009876 0.000000 0.017916 0.000000 0.108556 0.106858 0.000000 0.235230
            0.145833  0.252591  0.000000
 0.000000 0.008744 0.000000 0.025523 0.000000 0.129177 0.125533 0.000000 0.287500
            0.125000  0.216506  0.000000
 0.000000 0.007414 0.000000 0.037715 0.155246 0.000000 0.149189 0.000000 0.350124
            0.104167  0.180422  0.000000
 0.005873 0.000000 0.000000 0.059648 0.191572 0.000000 0.180115 0.000000 0.423187
            0.083333  0.144338  0.000000
 0.004216 0.000000 0.000000 0.266320 0.015431 0.000000 0.218205 0.000000 0.502478
            0.062500  0.108253  0.000000
 0.002602 0.000000 0.000000 0.368222 0.096231 0.252781 0.000000 0.000000 0.574687
            0.041667  0.072169  0.000000
 0.001236 0.000000 0.000000 0.550209 0.115437 0.263715 0.000000 0.614963 0.000000
            0.039583  0.068560  0.000000
 0.001121 0.000000 0.000000 0.564439 0.112414 0.263255 0.000000 0.614309 0.000000
            0.037500  0.064952  0.000000
 0.001011 0.000000 0.000000 0.587262 0.109268 0.264237 0.000000 0.613903 0.000000
            0.035417  0.061343  0.000000
 0.000906 0.000000 0.000000 0.610858 0.104598 0.265563 0.000000 0.612147 0.000000
            0.033333  0.057735  0.000000
 0.000806 0.000000 0.000000 0.635137 0.098333 0.267197 0.000000 0.611021 0.000000
            0.031250  0.054127  0.000000
 0.000711 0.000000 0.000000 0.659795 0.090518 0.269051 0.000000 0.610576 0.000000
            0.029167  0.050518  0.000000
 0.000621 0.000000 0.000000 0.684218 0.081359 0.270967 0.000000 0.609392 0.000000
            0.027083  0.046910  0.000000
 0.000538 0.000000 0.000000 0.708475 0.071175 0.272732 0.000000 0.607399 0.000000
            0.025000  0.043301  0.000000
 0.000460 0.000000 0.000000 0.736153 0.060401 0.274128 0.000000 0.604579 0.000000
            0.022917  0.039693  0.000000
 0.000387 0.000000 0.000000 0.764661 0.049620 0.274984 0.000000 0.600952 0.000000
            0.020833  0.036084  0.000000
 0.000321 0.000000 0.000000 0.789723 0.039761 0.276928 0.000000 0.597014 0.000000
            0.002083  0.003608  0.000000
 0.000003 1.022295 0.000000 0.000000 0.000200 0.262008 0.000000 0.535525 0.000000
            0.000000  0.002406  0.000000
 0.000000 1.033218 0.000000 0.000000 0.000000 0.260862 0.000000 0.532097 0.000000
            0.000000  0.024056  0.000000
 0.000000 0.000000 0.000000 0.898516 0.000000 0.272980 0.000000 0.571745 0.000000
            0.000000  0.048113  0.000000
 0.000000 0.000000 0.000000 0.750347 0.000000 0.282258 0.000000 0.603960 0.000000
            0.000000  0.072169  0.000000
 0.000000 0.000000 0.000000 0.608010 0.000000 0.292062 0.000000 0.616539 0.000000
            0.000000  0.096225  0.000000
 0.000000 0.000000 0.000000 0.472965 0.000000 0.307134 0.000000 0.000000 0.607711
            0.000000  0.120281  0.000000
 0.000000 0.000000 0.000000 0.349158 0.000000 0.318271 0.000000 0.000000 0.581112
            0.000000  0.144338  0.000000
 0.000000 0.000000 0.000000 0.250793 0.000000 0.310239 0.000000 0.000000 0.542551
            0.000000  0.168394  0.000000
 0.000000 0.000000 0.000000 0.183595 0.000000 0.000000 0.286874 0.000000 0.497574
            0.000000  0.192450  0.000000
 0.000000 0.000000 0.000000 0.139515 0.000000 0.000000 0.259292 0.000000 0.450562
            0.000000  0.216506  0.000000
 0.000000 0.000000 0.000000 0.109870 0.000000 0.000000 0.233291 0.000000 0.404585
            0.000000  0.240563  0.000000
 0.000000 0.000000 0.000000 0.089288 0.000000 0.000000 0.210593 0.000000 0.361523
            0.000000  0.264619  0.000000
 0.000000 0.000000 0.000000 0.074717 0.000000 0.000000 0.191290 0.000000 0.322291
            0.000000  0.288675  0.000000
 0.000000 0.000000 0.000000 0.064353 0.000000 0.000000 0.174954 0.000000 0.287124
            0.000000  0.312731  0.000000
 0.000000 0.000000 0.000000 0.057071 0.000000 0.000000 0.161064 0.000000 0.255839
            0.000000  0.336788  0.000000
 0.000000 0.000000 0.000000 0.052119 0.000000 0.000000 0.149155 0.000000 0.228035
            0.000000  0.360844  0.000000
 0.000000 0.000000 0.000000 0.048964 0.000000 0.000000 0.138881 0.000000 0.203228
            0.000000  0.384900  0.000000
 0.000000 0.000000 0.000000 0.047196 0.000000 0.000000 0.130021 0.000000 0.180943
            0.000000  0.408956  0.000000
 0.000000 0.000000 0.000000 0.046467 0.000000 0.000000 0.122468 0.000000 0.160767
            0.000000  0.433013  0.000000
 0.000000 0.000000 0.000000 0.046471 0.000000 0.000000 0.116197 0.000000 0.142396
            0.000000  0.457069  0.000000
 0.000000 0.000000 0.000000 0.046936 0.000000 0.000000 0.111203 0.000000 0.125674
            0.000000  0.481125  0.000000
 0.000000 0.000000 0.000000 0.047631 0.000000 0.000000 0.107450 0.000000 0.110639
            0.000000  0.505181  0.000000
 0.000000 0.000000 0.000000 0.048366 0.000000 0.000000 0.104834 0.000000 0.097584
            0.000000  0.529238  0.000000
 0.000000 0.000000 0.048998 0.000000 0.000000 0.000000 0.103183 0.000000 0.087131
            0.000000  0.553294  0.000000
 0.000000 0.000000 0.049420 0.000000 0.000000 0.000000 0.102299 0.000000 0.080205
            0.000000  0.577350  0.000000
 0.000000 0.000000 0.049568 0.000000 0.000000 0.000000 0.102025 0.000000 0.077754
