 &plot nbnd=   9, nks=    42 /
            0.333333  0.577350  0.000000
 0.000000 0.000000 0.000000 0.015894 0.000000 0.000000 0.000000 0.000000 0.135193
            0.312500  0.541266  0.000000
 0.000000 0.000000 0.005859 0.001136 0.000000 0.073966 0.000000 0.074659 0.118308
            0.291667  0.505181  0.000000
 0.000000 0.000000 0.010821 0.007211 0.000000 0.126929 0.000000 0.084347 0.130123
            0.270833  0.469097  0.000000
 0.000000 0.023276 0.000000 0.003690 0.000000 0.164891 0.090327 0.000000 0.155280
            0.250000  0.433013  0.000000
 0.000000 0.029035 0.000000 0.005157 0.000000 0.198900 0.096518 0.000000 0.188554
            0.229167  0.396928  0.000000
 0.000000 0.030676 0.000000 0.017014 0.000000 0.236458 0.102765 0.000000 0.229333
            0.208333  0.360844  0.000000
 0.000000 0.030355 0.000000 0.031114 0.000000 0.282848 0.108134 0.000000 0.279813
            0.187500  0.324760  0.000000
 0.000000 0.029355 0.000000 0.000000 0.050045 0.341299 0.111348 0.000000 0.344120
            0.166667  0.288675  0.000000
 0.027871 0.000000 0.000000 0.000000 0.085929 0.410425 0.111108 0.000000 0.426280
            0.145833  0.252591  0.000000
 0.025347 0.000000 0.000000 0.000000 0.180821 0.474491 0.106837 0.000000 0.528884
            0.125000  0.216506  0.000000
 0.021514 0.000000 0.000000 0.000000 0.417519 0.450593 0.098864 0.000000 0.654677
            0.104167  0.180422  0.000000
 0.016762 0.000000 0.000000 0.661375 0.000000 0.349243 0.087530 0.000000 0.806139
            0.083333  0.144338  0.000000
 0.011732 0.000000 0.000000 0.863336 0.000000 0.316832 0.072875 0.980033 0.000000
            0.062500  0.108253  0.000000
 0.000000 0.007048 0.000000 1.092398 0.000000 0.331337 0.055214 1.161324 0.000000
            0.041667  0.072169  0.000000
 0.000000 0.003272 0.000000 1.380861 0.000000 0.380572 0.035602 1.320158 0.000000
            0.020833  0.036084  0.000000
 0.000000 0.000000 0.000838 1.758372 0.000000 0.504393 0.015665 1.399052 0.000000
            0.002083  0.003608  0.000000
 0.000000 0.000000 0.000008 2.193587 0.000000 1.028980 0.000517 1.094614 0.000000
            0.000000  0.002406  0.000000
 0.000000 0.000000 0.000000 2.216238 0.000000 1.081944 0.000000 1.039544 0.000000
            0.000000  0.024056  0.000000
 0.000000 0.000000 0.000000 1.951187 0.000000 0.638471 0.000000 1.365024 0.000000
            0.000000  0.048113  0.000000
 0.000000 0.000000 0.000000 1.692952 0.000000 0.475117 0.000000 1.396641 0.000000
            0.000000  0.072169  0.000000
 0.000000 0.000000 0.000000 1.471891 0.000000 0.404280 0.000000 1.352685 0.000000
            0.000000  0.096225  0.000000
 0.000000 0.000000 0.000000 1.283025 0.000000 0.365773 0.000000 1.275420 0.000000
            0.000000  0.120281  0.000000
 0.000000 0.000000 0.000000 1.119954 0.000000 0.344757 0.000000 1.180049 0.000000
            0.000000  0.144338  0.000000
 0.000000 0.000000 0.000000 0.976282 0.000000 0.337880 0.000000 1.075693 0.000000
            0.000000  0.168394  0.000000
 0.000000 0.000000 0.000000 0.845486 0.000000 0.346613 0.000000 0.969016 0.000000
            0.000000  0.192450  0.000000
 0.000000 0.000000 0.000000 0.719365 0.000000 0.374670 0.000000 0.000000 0.865130
            0.000000  0.216506  0.000000
 0.000000 0.000000 0.000000 0.000000 0.587483 0.421500 0.000000 0.000000 0.767678
            0.000000  0.240563  0.000000
 0.000000 0.000000 0.000000 0.000000 0.448704 0.467446 0.000000 0.000000 0.678812
            0.000000  0.264619  0.000000
 0.000000 0.000000 0.000000 0.000000 0.328254 0.483192 0.000000 0.000000 0.599345
            0.000000  0.288675  0.000000
 0.000000 0.000000 0.000000 0.000000 0.246882 0.469009 0.000000 0.000000 0.529102
            0.000000  0.312731  0.000000
 0.000000 0.000000 0.000000 0.000000 0.198935 0.441340 0.000000 0.000000 0.467305
            0.000000  0.336788  0.000000
 0.000000 0.000000 0.000000 0.172399 0.000000 0.410418 0.000000 0.000000 0.412874
            0.000000  0.360844  0.000000
 0.000000 0.000000 0.000000 0.158924 0.000000 0.380352 0.000000 0.000000 0.364652
            0.000000  0.384900  0.000000
 0.000000 0.000000 0.000000 0.153554 0.000000 0.352632 0.000000 0.000000 0.321530
            0.000000  0.408956  0.000000
 0.000000 0.000000 0.000000 0.153223 0.000000 0.327845 0.000000 0.000000 0.282549
            0.000000  0.433013  0.000000
 0.000000 0.000000 0.000000 0.155860 0.000000 0.306310 0.000000 0.000000 0.246966
            0.000000  0.457069  0.000000
 0.000000 0.000000 0.000000 0.159969 0.000000 0.288245 0.000000 0.000000 0.214328
            0.000000  0.481125  0.000000
 0.000000 0.000000 0.000000 0.164467 0.000000 0.273762 0.000000 0.000000 0.184570
            0.000000  0.505181  0.000000
 0.000000 0.000000 0.000000 0.168595 0.000000 0.262833 0.000000 0.000000 0.158173
            0.000000  0.529238  0.000000
 0.000000 0.000000 0.000000 0.171850 0.000000 0.255294 0.000000 0.000000 0.136413
            0.000000  0.553294  0.000000
 0.000000 0.000000 0.000000 0.173917 0.000000 0.250910 0.000000 0.000000 0.121519
            0.000000  0.577350  0.000000
 0.000000 0.000000 0.000000 0.174624 0.000000 0.249476 0.000000 0.000000 0.116125
