 &plot nbnd=   1, nks=   133 /
           -0.833333  0.000000  0.000000
    0.348
           -0.828283  0.000000  0.000000
    0.330
           -0.823232  0.000000  0.000000
    0.312
           -0.818182  0.000000  0.000000
    0.293
           -0.813131  0.000000  0.000000
    0.274
           -0.808081  0.000000  0.000000
    0.255
           -0.803030  0.000000  0.000000
    0.236
           -0.797980  0.000000  0.000000
    0.217
           -0.792929  0.000000  0.000000
    0.198
           -0.787879  0.000000  0.000000
    0.179
           -0.782828  0.000000  0.000000
    0.161
           -0.777778  0.000000  0.000000
    0.143
           -0.772727  0.000000  0.000000
    0.125
           -0.767677  0.000000  0.000000
    0.108
           -0.762626  0.000000  0.000000
    0.091
           -0.757576  0.000000  0.000000
    0.074
           -0.752525  0.000000  0.000000
    0.058
           -0.747475  0.000000  0.000000
    0.043
           -0.742424  0.000000  0.000000
    0.028
           -0.737374  0.000000  0.000000
    0.014
           -0.732323  0.000000  0.000000
   -0.000
           -0.727273  0.000000  0.000000
   -0.013
           -0.722222  0.000000  0.000000
   -0.026
           -0.717172  0.000000  0.000000
   -0.038
           -0.712121  0.000000  0.000000
   -0.049
           -0.707071  0.000000  0.000000
   -0.059
           -0.702020  0.000000  0.000000
   -0.069
           -0.696970  0.000000  0.000000
   -0.077
           -0.691919  0.000000  0.000000
   -0.085
           -0.686869  0.000000  0.000000
   -0.091
           -0.681818  0.000000  0.000000
   -0.097
           -0.676768  0.000000  0.000000
   -0.100
           -0.671717  0.000000  0.000000
   -0.103
           -0.666667  0.000000  0.000000
   -0.104
           -0.661616  0.000000  0.000000
   -0.103
           -0.656566  0.000000  0.000000
   -0.101
           -0.651515  0.000000  0.000000
   -0.096
           -0.646465  0.000000  0.000000
   -0.090
           -0.641414  0.000000  0.000000
   -0.083
           -0.636364  0.000000  0.000000
   -0.073
           -0.631313  0.000000  0.000000
   -0.062
           -0.626263  0.000000  0.000000
   -0.049
           -0.621212  0.000000  0.000000
   -0.034
           -0.616162  0.000000  0.000000
   -0.018
           -0.611111  0.000000  0.000000
   -0.001
           -0.606061  0.000000  0.000000
    0.018
           -0.601010  0.000000  0.000000
    0.037
           -0.595960  0.000000  0.000000
    0.057
           -0.590909  0.000000  0.000000
    0.078
           -0.585859  0.000000  0.000000
    0.098
           -0.580808  0.000000  0.000000
    0.119
           -0.575758  0.000000  0.000000
    0.140
           -0.570707  0.000000  0.000000
    0.161
           -0.565657  0.000000  0.000000
    0.181
           -0.560606  0.000000  0.000000
    0.200
           -0.555556  0.000000  0.000000
    0.219
           -0.550505  0.000000  0.000000
    0.237
           -0.545455  0.000000  0.000000
    0.254
           -0.540404  0.000000  0.000000
    0.270
           -0.535354  0.000000  0.000000
    0.285
           -0.530303  0.000000  0.000000
    0.299
           -0.525253  0.000000  0.000000
    0.311
           -0.520202  0.000000  0.000000
    0.322
           -0.515152  0.000000  0.000000
    0.332
           -0.510101  0.000000  0.000000
    0.340
           -0.505051  0.000000  0.000000
    0.347
           -0.500000  0.000000  0.000000
    0.352
           -0.494949  0.000000  0.000000
    0.356
           -0.489899  0.000000  0.000000
    0.358
           -0.484848  0.000000  0.000000
    0.358
           -0.479798  0.000000  0.000000
    0.357
           -0.474747  0.000000  0.000000
    0.354
           -0.469697  0.000000  0.000000
    0.348
           -0.464646  0.000000  0.000000
    0.341
           -0.459596  0.000000  0.000000
    0.332
           -0.454545  0.000000  0.000000
    0.322
           -0.449495  0.000000  0.000000
    0.310
           -0.444444  0.000000  0.000000
    0.296
           -0.439394  0.000000  0.000000
    0.282
           -0.434343  0.000000  0.000000
    0.267
           -0.429293  0.000000  0.000000
    0.251
           -0.424242  0.000000  0.000000
    0.235
           -0.419192  0.000000  0.000000
    0.219
           -0.414141  0.000000  0.000000
    0.203
           -0.409091  0.000000  0.000000
    0.187
           -0.404040  0.000000  0.000000
    0.172
           -0.398990  0.000000  0.000000
    0.158
           -0.393939  0.000000  0.000000
    0.144
           -0.388889  0.000000  0.000000
    0.132
           -0.383838  0.000000  0.000000
    0.120
           -0.378788  0.000000  0.000000
    0.110
           -0.373737  0.000000  0.000000
    0.101
           -0.368687  0.000000  0.000000
    0.093
           -0.363636  0.000000  0.000000
    0.087
           -0.358586  0.000000  0.000000
    0.081
           -0.353535  0.000000  0.000000
    0.077
           -0.348485  0.000000  0.000000
    0.075
           -0.343434  0.000000  0.000000
    0.073
           -0.338384  0.000000  0.000000
    0.073
           -0.333333  0.000000  0.000000
    0.074
           -0.328283  0.000000  0.000000
    0.076
           -0.323232  0.000000  0.000000
    0.079
           -0.318182  0.000000  0.000000
    0.084
           -0.313131  0.000000  0.000000
    0.089
           -0.308081  0.000000  0.000000
    0.095
           -0.303030  0.000000  0.000000
    0.102
           -0.297980  0.000000  0.000000
    0.109
           -0.292929  0.000000  0.000000
    0.118
           -0.287879  0.000000  0.000000
    0.127
           -0.282828  0.000000  0.000000
    0.136
           -0.277778  0.000000  0.000000
    0.147
           -0.272727  0.000000  0.000000
    0.157
           -0.267677  0.000000  0.000000
    0.169
           -0.262626  0.000000  0.000000
    0.180
           -0.257576  0.000000  0.000000
    0.193
           -0.252525  0.000000  0.000000
    0.206
           -0.247475  0.000000  0.000000
    0.219
           -0.242424  0.000000  0.000000
    0.233
           -0.237374  0.000000  0.000000
    0.247
           -0.232323  0.000000  0.000000
    0.263
           -0.227273  0.000000  0.000000
    0.278
           -0.222222  0.000000  0.000000
    0.295
           -0.217172  0.000000  0.000000
    0.312
           -0.212121  0.000000  0.000000
    0.330
           -0.207071  0.000000  0.000000
    0.349
           -0.202020  0.000000  0.000000
    0.368
           -0.196970  0.000000  0.000000
    0.388
           -0.191919  0.000000  0.000000
    0.409
           -0.186869  0.000000  0.000000
    0.431
           -0.181818  0.000000  0.000000
    0.453
           -0.176768  0.000000  0.000000
    0.476
           -0.171717  0.000000  0.000000
    0.499
           -0.166667  0.000000  0.000000
    0.523
