 &plot nbnd=   1, nks=   133 /
           -0.833333  0.000000  0.000000
 0.008614
           -0.828283  0.000000  0.000000
 0.009467
           -0.823232  0.000000  0.000000
 0.010298
           -0.818182  0.000000  0.000000
 0.011107
           -0.813131  0.000000  0.000000
 0.011897
           -0.808081  0.000000  0.000000
 0.012667
           -0.803030  0.000000  0.000000
 0.013420
           -0.797980  0.000000  0.000000
 0.014156
           -0.792929  0.000000  0.000000
 0.014875
           -0.787879  0.000000  0.000000
 0.015579
           -0.782828  0.000000  0.000000
 0.016266
           -0.777778  0.000000  0.000000
 0.016937
           -0.772727  0.000000  0.000000
 0.017591
           -0.767677  0.000000  0.000000
 0.018226
           -0.762626  0.000000  0.000000
 0.018841
           -0.757576  0.000000  0.000000
 0.019434
           -0.752525  0.000000  0.000000
 0.020004
           -0.747475  0.000000  0.000000
 0.020546
           -0.742424  0.000000  0.000000
 0.021061
           -0.737374  0.000000  0.000000
 0.021545
           -0.732323  0.000000  0.000000
 0.021996
           -0.727273  0.000000  0.000000
 0.022415
           -0.722222  0.000000  0.000000
 0.022798
           -0.717172  0.000000  0.000000
 0.023148
           -0.712121  0.000000  0.000000
 0.023463
           -0.707071  0.000000  0.000000
 0.023746
           -0.702020  0.000000  0.000000
 0.023997
           -0.696970  0.000000  0.000000
 0.024219
           -0.691919  0.000000  0.000000
 0.024414
           -0.686869  0.000000  0.000000
 0.024586
           -0.681818  0.000000  0.000000
 0.024738
           -0.676768  0.000000  0.000000
 0.024872
           -0.671717  0.000000  0.000000
 0.024992
           -0.666667  0.000000  0.000000
 0.025102
           -0.661616  0.000000  0.000000
 0.025205
           -0.656566  0.000000  0.000000
 0.025303
           -0.651515  0.000000  0.000000
 0.025400
           -0.646465  0.000000  0.000000
 0.025499
           -0.641414  0.000000  0.000000
 0.025603
           -0.636364  0.000000  0.000000
 0.025715
           -0.631313  0.000000  0.000000
 0.025836
           -0.626263  0.000000  0.000000
 0.025969
           -0.621212  0.000000  0.000000
 0.026115
           -0.616162  0.000000  0.000000
 0.026277
           -0.611111  0.000000  0.000000
 0.026454
           -0.606061  0.000000  0.000000
 0.026648
           -0.601010  0.000000  0.000000
 0.026858
           -0.595960  0.000000  0.000000
 0.027084
           -0.590909  0.000000  0.000000
 0.027324
           -0.585859  0.000000  0.000000
 0.027575
           -0.580808  0.000000  0.000000
 0.027834
           -0.575758  0.000000  0.000000
 0.028098
           -0.570707  0.000000  0.000000
 0.028360
           -0.565657  0.000000  0.000000
 0.028615
           -0.560606  0.000000  0.000000
 0.028856
           -0.555556  0.000000  0.000000
 0.029076
           -0.550505  0.000000  0.000000
 0.029269
           -0.545455  0.000000  0.000000
 0.029429
           -0.540404  0.000000  0.000000
 0.029554
           -0.535354  0.000000  0.000000
 0.029644
           -0.530303  0.000000  0.000000
 0.029700
           -0.525253  0.000000  0.000000
 0.029729
           -0.520202  0.000000  0.000000
 0.029738
           -0.515152  0.000000  0.000000
 0.029735
           -0.510101  0.000000  0.000000
 0.029726
           -0.505051  0.000000  0.000000
 0.029718
           -0.500000  0.000000  0.000000
 0.029715
           -0.494949  0.000000  0.000000
 0.029718
           -0.489899  0.000000  0.000000
 0.029726
           -0.484848  0.000000  0.000000
 0.029735
           -0.479798  0.000000  0.000000
 0.029738
           -0.474747  0.000000  0.000000
 0.029729
           -0.469697  0.000000  0.000000
 0.029700
           -0.464646  0.000000  0.000000
 0.029644
           -0.459596  0.000000  0.000000
 0.029554
           -0.454545  0.000000  0.000000
 0.029429
           -0.449495  0.000000  0.000000
 0.029269
           -0.444444  0.000000  0.000000
 0.029076
           -0.439394  0.000000  0.000000
 0.028856
           -0.434343  0.000000  0.000000
 0.028615
           -0.429293  0.000000  0.000000
 0.028360
           -0.424242  0.000000  0.000000
 0.028098
           -0.419192  0.000000  0.000000
 0.027834
           -0.414141  0.000000  0.000000
 0.027575
           -0.409091  0.000000  0.000000
 0.027324
           -0.404040  0.000000  0.000000
 0.027084
           -0.398990  0.000000  0.000000
 0.026858
           -0.393939  0.000000  0.000000
 0.026648
           -0.388889  0.000000  0.000000
 0.026454
           -0.383838  0.000000  0.000000
 0.026277
           -0.378788  0.000000  0.000000
 0.026115
           -0.373737  0.000000  0.000000
 0.025969
           -0.368687  0.000000  0.000000
 0.025836
           -0.363636  0.000000  0.000000
 0.025715
           -0.358586  0.000000  0.000000
 0.025603
           -0.353535  0.000000  0.000000
 0.025499
           -0.348485  0.000000  0.000000
 0.025400
           -0.343434  0.000000  0.000000
 0.025303
           -0.338384  0.000000  0.000000
 0.025205
           -0.333333  0.000000  0.000000
 0.025102
           -0.328283  0.000000  0.000000
 0.024992
           -0.323232  0.000000  0.000000
 0.024872
           -0.318182  0.000000  0.000000
 0.024738
           -0.313131  0.000000  0.000000
 0.024586
           -0.308081  0.000000  0.000000
 0.024414
           -0.303030  0.000000  0.000000
 0.024219
           -0.297980  0.000000  0.000000
 0.023997
           -0.292929  0.000000  0.000000
 0.023746
           -0.287879  0.000000  0.000000
 0.023463
           -0.282828  0.000000  0.000000
 0.023148
           -0.277778  0.000000  0.000000
 0.022798
           -0.272727  0.000000  0.000000
 0.022415
           -0.267677  0.000000  0.000000
 0.021996
           -0.262626  0.000000  0.000000
 0.021545
           -0.257576  0.000000  0.000000
 0.021061
           -0.252525  0.000000  0.000000
 0.020546
           -0.247475  0.000000  0.000000
 0.020004
           -0.242424  0.000000  0.000000
 0.019434
           -0.237374  0.000000  0.000000
 0.018841
           -0.232323  0.000000  0.000000
 0.018226
           -0.227273  0.000000  0.000000
 0.017591
           -0.222222  0.000000  0.000000
 0.016937
           -0.217172  0.000000  0.000000
 0.016266
           -0.212121  0.000000  0.000000
 0.015579
           -0.207071  0.000000  0.000000
 0.014875
           -0.202020  0.000000  0.000000
 0.014156
           -0.196970  0.000000  0.000000
 0.013420
           -0.191919  0.000000  0.000000
 0.012667
           -0.186869  0.000000  0.000000
 0.011897
           -0.181818  0.000000  0.000000
 0.011107
           -0.176768  0.000000  0.000000
 0.010298
           -0.171717  0.000000  0.000000
 0.009467
           -0.166667  0.000000  0.000000
 0.008614
