 &plot nbnd=   1, nks=   133 /
           -0.833333  0.000000  0.000000
 0.007335
           -0.828283  0.000000  0.000000
 0.008213
           -0.823232  0.000000  0.000000
 0.009068
           -0.818182  0.000000  0.000000
 0.009902
           -0.813131  0.000000  0.000000
 0.010715
           -0.808081  0.000000  0.000000
 0.011510
           -0.803030  0.000000  0.000000
 0.012287
           -0.797980  0.000000  0.000000
 0.013048
           -0.792929  0.000000  0.000000
 0.013793
           -0.787879  0.000000  0.000000
 0.014524
           -0.782828  0.000000  0.000000
 0.015239
           -0.777778  0.000000  0.000000
 0.015940
           -0.772727  0.000000  0.000000
 0.016624
           -0.767677  0.000000  0.000000
 0.017292
           -0.762626  0.000000  0.000000
 0.017942
           -0.757576  0.000000  0.000000
 0.018572
           -0.752525  0.000000  0.000000
 0.019180
           -0.747475  0.000000  0.000000
 0.019764
           -0.742424  0.000000  0.000000
 0.020322
           -0.737374  0.000000  0.000000
 0.020851
           -0.732323  0.000000  0.000000
 0.021351
           -0.727273  0.000000  0.000000
 0.021820
           -0.722222  0.000000  0.000000
 0.022256
           -0.717172  0.000000  0.000000
 0.022660
           -0.712121  0.000000  0.000000
 0.023031
           -0.707071  0.000000  0.000000
 0.023371
           -0.702020  0.000000  0.000000
 0.023681
           -0.696970  0.000000  0.000000
 0.023963
           -0.691919  0.000000  0.000000
 0.024219
           -0.686869  0.000000  0.000000
 0.024452
           -0.681818  0.000000  0.000000
 0.024665
           -0.676768  0.000000  0.000000
 0.024860
           -0.671717  0.000000  0.000000
 0.025041
           -0.666667  0.000000  0.000000
 0.025211
           -0.661616  0.000000  0.000000
 0.025373
           -0.656566  0.000000  0.000000
 0.025529
           -0.651515  0.000000  0.000000
 0.025682
           -0.646465  0.000000  0.000000
 0.025835
           -0.641414  0.000000  0.000000
 0.025991
           -0.636364  0.000000  0.000000
 0.026151
           -0.631313  0.000000  0.000000
 0.026317
           -0.626263  0.000000  0.000000
 0.026492
           -0.621212  0.000000  0.000000
 0.026675
           -0.616162  0.000000  0.000000
 0.026869
           -0.611111  0.000000  0.000000
 0.027074
           -0.606061  0.000000  0.000000
 0.027289
           -0.601010  0.000000  0.000000
 0.027514
           -0.595960  0.000000  0.000000
 0.027748
           -0.590909  0.000000  0.000000
 0.027989
           -0.585859  0.000000  0.000000
 0.028234
           -0.580808  0.000000  0.000000
 0.028479
           -0.575758  0.000000  0.000000
 0.028721
           -0.570707  0.000000  0.000000
 0.028953
           -0.565657  0.000000  0.000000
 0.029170
           -0.560606  0.000000  0.000000
 0.029365
           -0.555556  0.000000  0.000000
 0.029533
           -0.550505  0.000000  0.000000
 0.029668
           -0.545455  0.000000  0.000000
 0.029766
           -0.540404  0.000000  0.000000
 0.029828
           -0.535354  0.000000  0.000000
 0.029855
           -0.530303  0.000000  0.000000
 0.029851
           -0.525253  0.000000  0.000000
 0.029826
           -0.520202  0.000000  0.000000
 0.029787
           -0.515152  0.000000  0.000000
 0.029745
           -0.510101  0.000000  0.000000
 0.029707
           -0.505051  0.000000  0.000000
 0.029682
           -0.500000  0.000000  0.000000
 0.029673
           -0.494949  0.000000  0.000000
 0.029682
           -0.489899  0.000000  0.000000
 0.029707
           -0.484848  0.000000  0.000000
 0.029745
           -0.479798  0.000000  0.000000
 0.029787
           -0.474747  0.000000  0.000000
 0.029826
           -0.469697  0.000000  0.000000
 0.029851
           -0.464646  0.000000  0.000000
 0.029855
           -0.459596  0.000000  0.000000
 0.029828
           -0.454545  0.000000  0.000000
 0.029766
           -0.449495  0.000000  0.000000
 0.029668
           -0.444444  0.000000  0.000000
 0.029533
           -0.439394  0.000000  0.000000
 0.029365
           -0.434343  0.000000  0.000000
 0.029170
           -0.429293  0.000000  0.000000
 0.028953
           -0.424242  0.000000  0.000000
 0.028721
           -0.419192  0.000000  0.000000
 0.028479
           -0.414141  0.000000  0.000000
 0.028234
           -0.409091  0.000000  0.000000
 0.027989
           -0.404040  0.000000  0.000000
 0.027748
           -0.398990  0.000000  0.000000
 0.027514
           -0.393939  0.000000  0.000000
 0.027289
           -0.388889  0.000000  0.000000
 0.027074
           -0.383838  0.000000  0.000000
 0.026869
           -0.378788  0.000000  0.000000
 0.026675
           -0.373737  0.000000  0.000000
 0.026492
           -0.368687  0.000000  0.000000
 0.026317
           -0.363636  0.000000  0.000000
 0.026151
           -0.358586  0.000000  0.000000
 0.025991
           -0.353535  0.000000  0.000000
 0.025835
           -0.348485  0.000000  0.000000
 0.025682
           -0.343434  0.000000  0.000000
 0.025529
           -0.338384  0.000000  0.000000
 0.025373
           -0.333333  0.000000  0.000000
 0.025211
           -0.328283  0.000000  0.000000
 0.025041
           -0.323232  0.000000  0.000000
 0.024860
           -0.318182  0.000000  0.000000
 0.024665
           -0.313131  0.000000  0.000000
 0.024452
           -0.308081  0.000000  0.000000
 0.024219
           -0.303030  0.000000  0.000000
 0.023963
           -0.297980  0.000000  0.000000
 0.023681
           -0.292929  0.000000  0.000000
 0.023371
           -0.287879  0.000000  0.000000
 0.023031
           -0.282828  0.000000  0.000000
 0.022660
           -0.277778  0.000000  0.000000
 0.022256
           -0.272727  0.000000  0.000000
 0.021820
           -0.267677  0.000000  0.000000
 0.021351
           -0.262626  0.000000  0.000000
 0.020851
           -0.257576  0.000000  0.000000
 0.020322
           -0.252525  0.000000  0.000000
 0.019764
           -0.247475  0.000000  0.000000
 0.019180
           -0.242424  0.000000  0.000000
 0.018572
           -0.237374  0.000000  0.000000
 0.017942
           -0.232323  0.000000  0.000000
 0.017292
           -0.227273  0.000000  0.000000
 0.016624
           -0.222222  0.000000  0.000000
 0.015940
           -0.217172  0.000000  0.000000
 0.015239
           -0.212121  0.000000  0.000000
 0.014524
           -0.207071  0.000000  0.000000
 0.013793
           -0.202020  0.000000  0.000000
 0.013048
           -0.196970  0.000000  0.000000
 0.012287
           -0.191919  0.000000  0.000000
 0.011510
           -0.186869  0.000000  0.000000
 0.010715
           -0.181818  0.000000  0.000000
 0.009902
           -0.176768  0.000000  0.000000
 0.009068
           -0.171717  0.000000  0.000000
 0.008213
           -0.166667  0.000000  0.000000
 0.007335
