 &plot nbnd=   9, nks=   248 /
            0.333333  0.577350  0.000000
 0.000000 0.014074 0.000000 0.000000 0.000000 0.014755 0.000000 0.000000 0.000000
            0.330808  0.572976  0.000000
 0.000000 0.013999 0.001382 0.000000 0.000000 0.014755 0.000048 0.000000 0.000160
            0.328283  0.568603  0.000000
 0.000000 0.013798 0.002614 0.000000 0.000000 0.014754 0.000097 0.000000 0.000297
            0.325758  0.564229  0.000000
 0.000000 0.013526 0.003626 0.000000 0.000000 0.014754 0.000148 0.000000 0.000411
            0.323232  0.559855  0.000000
 0.000000 0.013229 0.004419 0.000000 0.000000 0.014753 0.000199 0.000000 0.000502
            0.320707  0.555481  0.000000
 0.000000 0.012936 0.005027 0.000000 0.000000 0.014751 0.000251 0.000000 0.000572
            0.318182  0.551107  0.000000
 0.000000 0.012658 0.005489 0.000000 0.000000 0.014750 0.000301 0.000000 0.000619
            0.315657  0.546733  0.000000
 0.000000 0.012396 0.005841 0.000000 0.000000 0.014748 0.000351 0.000000 0.000646
            0.313131  0.542359  0.000000
 0.000000 0.012151 0.006111 0.000000 0.000000 0.014745 0.000400 0.000000 0.000653
            0.310606  0.537985  0.000000
 0.000000 0.011919 0.006320 0.000000 0.000000 0.014743 0.000447 0.000000 0.000641
            0.308081  0.533612  0.000000
 0.000000 0.011699 0.006482 0.000000 0.000000 0.014740 0.000492 0.000000 0.000611
            0.305556  0.529238  0.000000
 0.000000 0.011488 0.006609 0.000000 0.000000 0.014737 0.000535 0.000000 0.000564
            0.303030  0.524864  0.000000
 0.000000 0.011284 0.006710 0.000000 0.000000 0.014733 0.000575 0.000000 0.000501
            0.300505  0.520490  0.000000
 0.000000 0.011087 0.006791 0.000000 0.000000 0.014730 0.000614 0.000000 0.000422
            0.297980  0.516116  0.000000
 0.000000 0.010895 0.006857 0.000000 0.000000 0.014726 0.000650 0.000000 0.000329
            0.295455  0.511742  0.000000
 0.000000 0.010707 0.006911 0.000000 0.000000 0.014722 0.000684 0.000000 0.000222
            0.292929  0.507368  0.000000
 0.000000 0.010524 0.006957 0.000000 0.000000 0.014717 0.000715 0.000000 0.000101
            0.290404  0.502995  0.000000
 0.000000 0.010343 0.006997 0.000000 0.000000 0.014712 0.000744 0.000000 0.000040
            0.287879  0.498621  0.000000
 0.000000 0.010166 0.007032 0.000000 0.000000 0.014706 0.000772 0.000000 0.000183
            0.285354  0.494247  0.000000
 0.000000 0.009992 0.007063 0.000000 0.000000 0.014699 0.000797 0.000000 0.000342
            0.282828  0.489873  0.000000
 0.000000 0.009820 0.007092 0.000000 0.000000 0.014691 0.000820 0.000000 0.000513
            0.280303  0.485499  0.000000
 0.000000 0.009649 0.007119 0.000000 0.000000 0.014682 0.000842 0.000000 0.000697
            0.277778  0.481125  0.000000
 0.000000 0.009481 0.007146 0.000000 0.000000 0.014671 0.000862 0.000000 0.000892
            0.275253  0.476751  0.000000
 0.000000 0.009314 0.007172 0.000000 0.000000 0.014658 0.000881 0.000000 0.001100
            0.272727  0.472377  0.000000
 0.000000 0.009149 0.007198 0.000000 0.000000 0.014644 0.000899 0.000000 0.001319
            0.270202  0.468004  0.000000
 0.000000 0.008985 0.007225 0.000000 0.000000 0.014627 0.000916 0.000000 0.001549
            0.267677  0.463630  0.000000
 0.000000 0.008822 0.007252 0.000000 0.000000 0.014607 0.000932 0.000000 0.001790
            0.265152  0.459256  0.000000
 0.000000 0.008660 0.007279 0.000000 0.000000 0.014585 0.000947 0.000000 0.002042
            0.262626  0.454882  0.000000
 0.000000 0.008500 0.007308 0.000000 0.000000 0.014560 0.000963 0.000000 0.002305
            0.260101  0.450508  0.000000
 0.000000 0.008340 0.007338 0.000000 0.000000 0.014532 0.000978 0.000000 0.002577
            0.257576  0.446134  0.000000
 0.000000 0.008182 0.007368 0.000000 0.000000 0.014500 0.000993 0.000000 0.002859
            0.255051  0.441760  0.000000
 0.000000 0.008025 0.007400 0.000000 0.000000 0.014464 0.001008 0.000000 0.003149
            0.252525  0.437387  0.000000
 0.000000 0.007870 0.007433 0.000000 0.000000 0.014424 0.001023 0.000000 0.003446
            0.250000  0.433013  0.000000
 0.000000 0.007717 0.007467 0.000000 0.000000 0.014380 0.001038 0.000000 0.003751
            0.247475  0.428639  0.000000
 0.000000 0.007566 0.007502 0.000000 0.000000 0.014331 0.001053 0.000000 0.004061
            0.244949  0.424265  0.000000
 0.000000 0.007416 0.007538 0.000000 0.000000 0.014277 0.001068 0.000000 0.004375
            0.242424  0.419891  0.000000
 0.000000 0.007270 0.007574 0.000000 0.000000 0.014218 0.001083 0.000000 0.004694
            0.239899  0.415517  0.000000
 0.000000 0.007125 0.007611 0.000000 0.000000 0.014153 0.001097 0.000000 0.005015
            0.237374  0.411143  0.000000
 0.000000 0.006984 0.007649 0.000000 0.000000 0.014082 0.001110 0.000000 0.005338
            0.234848  0.406770  0.000000
 0.000000 0.006846 0.007687 0.000000 0.000000 0.014004 0.001123 0.000000 0.005663
            0.232323  0.402396  0.000000
 0.000000 0.006710 0.007724 0.000000 0.000000 0.013920 0.001135 0.000000 0.005987
            0.229798  0.398022  0.000000
 0.000000 0.006578 0.007761 0.000000 0.000000 0.013829 0.001145 0.000000 0.006311
            0.227273  0.393648  0.000000
 0.000000 0.006448 0.007798 0.000000 0.000000 0.013731 0.001154 0.000000 0.006633
            0.224747  0.389274  0.000000
 0.000000 0.006322 0.007834 0.000000 0.000000 0.013624 0.001161 0.000000 0.006954
            0.222222  0.384900  0.000000
 0.000000 0.006199 0.007869 0.000000 0.000000 0.013510 0.001167 0.000000 0.007273
            0.219697  0.380526  0.000000
 0.000000 0.006079 0.007903 0.000000 0.000000 0.013387 0.001171 0.000000 0.007590
            0.217172  0.376152  0.000000
 0.000000 0.005961 0.007935 0.000000 0.000000 0.013255 0.001173 0.000000 0.007906
            0.214646  0.371779  0.000000
 0.000000 0.005846 0.007966 0.000000 0.000000 0.013114 0.001173 0.000000 0.008219
            0.212121  0.367405  0.000000
 0.000000 0.005732 0.007994 0.000000 0.000000 0.012964 0.001173 0.000000 0.008531
            0.209596  0.363031  0.000000
 0.000000 0.005620 0.008021 0.000000 0.000000 0.012804 0.001170 0.000000 0.008841
            0.207071  0.358657  0.000000
 0.000000 0.005510 0.008045 0.000000 0.000000 0.012635 0.001167 0.000000 0.009150
            0.204545  0.354283  0.000000
 0.000000 0.005401 0.008067 0.000000 0.000000 0.012455 0.001164 0.000000 0.009459
            0.202020  0.349909  0.000000
 0.000000 0.005292 0.008086 0.000000 0.000000 0.012265 0.001160 0.000000 0.009768
            0.199495  0.345535  0.000000
 0.000000 0.005183 0.008103 0.000000 0.000000 0.012065 0.001157 0.000000 0.010078
            0.196970  0.341162  0.000000
 0.000000 0.005074 0.008117 0.000000 0.000000 0.011855 0.001155 0.000000 0.010388
            0.194444  0.336788  0.000000
 0.000000 0.004964 0.008127 0.000000 0.000000 0.011635 0.001154 0.000000 0.010701
            0.191919  0.332414  0.000000
 0.000000 0.004853 0.008135 0.000000 0.000000 0.011405 0.001156 0.000000 0.011015
            0.189394  0.328040  0.000000
 0.000000 0.004741 0.008140 0.000000 0.000000 0.011166 0.001161 0.000000 0.011332
            0.186869  0.323666  0.000000
 0.000000 0.004628 0.008142 0.000000 0.000000 0.010917 0.001169 0.000000 0.011651
            0.184343  0.319292  0.000000
 0.000000 0.004512 0.008141 0.000000 0.000000 0.010660 0.001182 0.000000 0.011973
            0.181818  0.314918  0.000000
 0.000000 0.004396 0.008137 0.000000 0.000000 0.010394 0.001200 0.000000 0.012298
            0.179293  0.310544  0.000000
 0.000000 0.004277 0.008130 0.000000 0.000000 0.010121 0.001223 0.000000 0.012625
            0.176768  0.306171  0.000000
 0.000000 0.004157 0.008120 0.000000 0.000000 0.009840 0.001253 0.000000 0.012955
            0.174242  0.301797  0.000000
 0.000000 0.004035 0.008109 0.000000 0.000000 0.009553 0.001290 0.000000 0.013286
            0.171717  0.297423  0.000000
 0.000000 0.003913 0.008095 0.000000 0.000000 0.009261 0.001334 0.000000 0.013618
            0.169192  0.293049  0.000000
 0.000000 0.003790 0.008079 0.000000 0.000000 0.008964 0.001387 0.000000 0.013951
            0.166667  0.288675  0.000000
 0.000000 0.003666 0.008061 0.000000 0.000000 0.008663 0.001448 0.000000 0.014284
            0.164141  0.284301  0.000000
 0.000000 0.003543 0.008042 0.000000 0.000000 0.008360 0.001517 0.000000 0.014615
            0.161616  0.279927  0.000000
 0.000000 0.003420 0.008023 0.000000 0.000000 0.008054 0.001596 0.000000 0.014943
            0.159091  0.275554  0.000000
 0.000000 0.003299 0.008002 0.000000 0.000000 0.007748 0.001684 0.000000 0.015268
            0.156566  0.271180  0.000000
 0.000000 0.003180 0.007982 0.000000 0.000000 0.007441 0.001782 0.000000 0.015588
            0.154040  0.266806  0.000000
 0.000000 0.003063 0.007962 0.000000 0.000000 0.007135 0.001889 0.000000 0.015903
            0.151515  0.262432  0.000000
 0.000000 0.002949 0.007942 0.000000 0.000000 0.006831 0.002007 0.000000 0.016211
            0.148990  0.258058  0.000000
 0.000000 0.002838 0.007924 0.000000 0.000000 0.006530 0.002135 0.000000 0.016511
            0.146465  0.253684  0.000000
 0.000000 0.002731 0.007907 0.000000 0.000000 0.006231 0.002274 0.000000 0.016803
            0.143939  0.249310  0.000000
 0.000000 0.002628 0.007893 0.000000 0.000000 0.005937 0.002423 0.000000 0.017086
            0.141414  0.244936  0.000000
 0.000000 0.002528 0.007880 0.000000 0.000000 0.005647 0.002584 0.000000 0.017361
            0.138889  0.240563  0.000000
 0.000000 0.002433 0.007870 0.000000 0.000000 0.005362 0.002756 0.000000 0.017626
            0.136364  0.236189  0.000000
 0.000000 0.002342 0.007862 0.000000 0.000000 0.005083 0.002939 0.000000 0.017883
            0.133838  0.231815  0.000000
 0.000000 0.002255 0.007857 0.000000 0.000000 0.004810 0.003135 0.000000 0.018132
            0.131313  0.227441  0.000000
 0.000000 0.002172 0.007855 0.000000 0.000000 0.004543 0.003344 0.000000 0.018373
            0.128788  0.223067  0.000000
 0.000000 0.002091 0.007855 0.000000 0.000000 0.004283 0.003566 0.000000 0.018609
            0.126263  0.218693  0.000000
 0.000000 0.002013 0.007858 0.000000 0.000000 0.004030 0.003802 0.000000 0.018839
            0.123737  0.214319  0.000000
 0.000000 0.001936 0.007863 0.000000 0.000000 0.003784 0.004053 0.000000 0.019067
            0.121212  0.209946  0.000000
 0.000000 0.001860 0.007870 0.000000 0.000000 0.003545 0.004318 0.000000 0.019293
            0.118687  0.205572  0.000000
 0.000000 0.001784 0.007878 0.000000 0.000000 0.003314 0.004599 0.000000 0.019520
            0.116162  0.201198  0.000000
 0.000000 0.001706 0.007887 0.000000 0.000000 0.003090 0.004896 0.000000 0.019748
            0.113636  0.196824  0.000000
 0.000000 0.001627 0.007895 0.000000 0.000000 0.002873 0.005210 0.000000 0.019982
            0.111111  0.192450  0.000000
 0.000000 0.001544 0.007903 0.000000 0.000000 0.002664 0.005542 0.000000 0.020221
            0.108586  0.188076  0.000000
 0.000000 0.001457 0.007908 0.000000 0.000000 0.002463 0.005891 0.000000 0.020468
            0.106061  0.183702  0.000000
 0.000000 0.001365 0.007911 0.000000 0.000000 0.002269 0.006259 0.000000 0.020725
            0.103535  0.179328  0.000000
 0.000000 0.001267 0.007910 0.000000 0.000000 0.002083 0.006645 0.000000 0.020992
            0.101010  0.174955  0.000000
 0.000000 0.001162 0.007905 0.000000 0.000000 0.001905 0.007051 0.000000 0.021270
            0.098485  0.170581  0.000000
 0.000000 0.001051 0.007894 0.000000 0.000000 0.001734 0.007476 0.000000 0.021560
            0.095960  0.166207  0.000000
 0.000000 0.000934 0.007876 0.000000 0.000000 0.001572 0.007920 0.000000 0.021861
            0.093434  0.161833  0.000000
 0.000000 0.000809 0.007852 0.000000 0.000000 0.001418 0.008384 0.000000 0.022173
            0.090909  0.157459  0.000000
 0.000000 0.000679 0.007820 0.000000 0.000000 0.001272 0.008868 0.000000 0.022494
            0.088384  0.153085  0.000000
 0.000000 0.000543 0.007781 0.000000 0.000000 0.001135 0.009372 0.000000 0.022823
            0.085859  0.148711  0.000000
 0.000000 0.000403 0.007734 0.000000 0.000000 0.001006 0.009895 0.000000 0.023156
            0.083333  0.144338  0.000000
 0.000000 0.000260 0.007679 0.000000 0.000000 0.000886 0.010439 0.000000 0.023492
            0.080808  0.139964  0.000000
 0.000000 0.000117 0.007618 0.000000 0.000000 0.000775 0.011002 0.000000 0.023827
            0.078283  0.135590  0.000000
 0.000000 0.000041 0.007550 0.000000 0.000000 0.000673 0.011586 0.000000 0.024156
            0.075758  0.131216  0.000000
 0.000000 0.000175 0.007478 0.000000 0.000000 0.000579 0.012192 0.000000 0.024475
            0.073232  0.126842  0.000000
 0.000000 0.000312 0.007403 0.000000 0.000000 0.000495 0.012818 0.000000 0.024780
            0.070707  0.122468  0.000000
 0.000000 0.000443 0.007327 0.000000 0.000000 0.000419 0.013468 0.000000 0.025067
            0.068182  0.118094  0.000000
 0.000000 0.000564 0.007254 0.000000 0.000000 0.000351 0.014142 0.000000 0.025329
            0.065657  0.113721  0.000000
 0.000000 0.000675 0.007185 0.000000 0.000000 0.000292 0.014843 0.000000 0.025564
            0.063131  0.109347  0.000000
 0.000000 0.000773 0.007124 0.000000 0.000000 0.000241 0.015573 0.000000 0.025766
            0.060606  0.104973  0.000000
 0.000000 0.000856 0.007076 0.000000 0.000000 0.000196 0.016335 0.000000 0.025932
            0.058081  0.100599  0.000000
 0.000000 0.000922 0.007044 0.000000 0.000000 0.000159 0.017133 0.000000 0.026060
            0.055556  0.096225  0.000000
 0.000000 0.000971 0.007034 0.000000 0.000000 0.000128 0.017974 0.000000 0.026145
            0.053030  0.091851  0.000000
 0.000000 0.001001 0.007051 0.000000 0.000000 0.000102 0.018861 0.000000 0.026188
            0.050505  0.087477  0.000000
 0.000000 0.001011 0.007100 0.000000 0.000000 0.000081 0.019804 0.000000 0.026187
            0.047980  0.083103  0.000000
 0.000000 0.001003 0.007187 0.000000 0.000000 0.000065 0.020810 0.000000 0.026142
            0.045455  0.078730  0.000000
 0.000000 0.000977 0.007320 0.000000 0.000000 0.000052 0.021890 0.000000 0.026055
            0.042929  0.074356  0.000000
 0.000000 0.000934 0.007504 0.000000 0.000000 0.000042 0.023056 0.000000 0.025928
            0.040404  0.069982  0.000000
 0.000000 0.000875 0.007748 0.000000 0.000000 0.000034 0.024323 0.000000 0.025764
            0.037879  0.065608  0.000000
 0.000000 0.000802 0.008060 0.000000 0.000000 0.000028 0.025708 0.000000 0.025568
            0.035354  0.061234  0.000000
 0.000000 0.000720 0.008448 0.000000 0.000000 0.000024 0.027232 0.000000 0.025346
            0.032828  0.056860  0.000000
 0.000000 0.000629 0.008924 0.000000 0.000000 0.000020 0.028922 0.000000 0.025103
            0.030303  0.052486  0.000000
 0.000000 0.000535 0.009500 0.000000 0.000000 0.000018 0.030808 0.000000 0.024847
            0.027778  0.048113  0.000000
 0.000000 0.000440 0.010189 0.000000 0.000000 0.000015 0.032931 0.000000 0.024585
            0.025253  0.043739  0.000000
 0.000000 0.000348 0.011010 0.000000 0.000000 0.000013 0.035340 0.000000 0.024327
            0.022727  0.039365  0.000000
 0.000000 0.000264 0.011985 0.000000 0.000000 0.000012 0.038100 0.000000 0.024080
            0.020202  0.034991  0.000000
 0.000000 0.000189 0.013143 0.000000 0.000000 0.000010 0.041296 0.000000 0.023854
            0.017677  0.030617  0.000000
 0.000000 0.000129 0.014523 0.000000 0.000000 0.000008 0.045040 0.000000 0.023661
            0.015152  0.026243  0.000000
 0.000000 0.000084 0.016182 0.000000 0.000000 0.000007 0.049491 0.000000 0.023510
            0.012626  0.021869  0.000000
 0.000000 0.000055 0.018197 0.000000 0.000000 0.000006 0.054870 0.000000 0.023414
            0.010101  0.017495  0.000000
 0.000000 0.000041 0.020688 0.000000 0.000000 0.000004 0.061507 0.000000 0.023387
            0.007576  0.013122  0.000000
 0.000000 0.000032 0.023839 0.000000 0.000000 0.000003 0.069904 0.000000 0.023447
            0.005051  0.008748  0.000000
 0.000000 0.000022 0.027958 0.000000 0.000000 0.000002 0.080875 0.000000 0.023618
            0.002525  0.004374  0.000000
 0.000000 0.000011 0.033584 0.000000 0.000000 0.000001 0.095833 0.000000 0.023938
            0.000253  0.000437  0.000000
 0.000000 0.000001 0.040785 0.000000 0.000000 0.000000 0.114863 0.000000 0.024406
            0.000000  0.000506  0.000000
 0.000000 0.000000 0.040783 0.000000 0.000000 0.000000 0.114856 0.000000 0.024406
            0.000000  0.005064  0.000000
 0.000000 0.000000 0.033572 0.000000 0.000000 0.000000 0.095783 0.000000 0.023937
            0.000000  0.010129  0.000000
 0.000000 0.000000 0.027944 0.000000 0.000000 0.000000 0.080805 0.000000 0.023616
            0.000000  0.015193  0.000000
 0.000000 0.000000 0.023828 0.000000 0.000000 0.000000 0.069823 0.000000 0.023445
            0.000000  0.020258  0.000000
 0.000000 0.000000 0.020680 0.000000 0.000000 0.000000 0.061423 0.000000 0.023384
            0.000000  0.025322  0.000000
 0.000000 0.000000 0.018192 0.000000 0.000000 0.000000 0.054786 0.000000 0.023411
            0.000000  0.030387  0.000000
 0.000000 0.000000 0.016180 0.000000 0.000000 0.000000 0.049408 0.000000 0.023506
            0.000000  0.035451  0.000000
 0.000000 0.000000 0.014524 0.000000 0.000000 0.000000 0.044959 0.000000 0.023657
            0.000000  0.040516  0.000000
 0.000000 0.000000 0.013144 0.000000 0.000000 0.000000 0.041217 0.000000 0.023851
            0.000000  0.045580  0.000000
 0.000000 0.000000 0.011986 0.000000 0.000000 0.000000 0.038025 0.000000 0.024077
            0.000000  0.050645  0.000000
 0.000000 0.000000 0.011011 0.000000 0.000000 0.000000 0.035268 0.000000 0.024325
            0.000000  0.055709  0.000000
 0.000000 0.000000 0.010189 0.000000 0.000000 0.000000 0.032863 0.000000 0.024586
            0.000000  0.060774  0.000000
 0.000000 0.000000 0.009500 0.000000 0.000000 0.000000 0.030743 0.000000 0.024850
            0.000000  0.065838  0.000000
 0.000000 0.000000 0.008924 0.000000 0.000000 0.000000 0.028861 0.000000 0.025110
            0.000000  0.070903  0.000000
 0.000000 0.000000 0.008449 0.000000 0.000000 0.000000 0.027175 0.000000 0.025358
            0.000000  0.075967  0.000000
 0.000000 0.000000 0.008061 0.000000 0.000000 0.000000 0.025655 0.000000 0.025586
            0.000000  0.081032  0.000000
 0.000000 0.000000 0.007749 0.000000 0.000000 0.000000 0.024275 0.000000 0.025789
            0.000000  0.086096  0.000000
 0.000000 0.000000 0.007505 0.000000 0.000000 0.000000 0.023013 0.000000 0.025961
            0.000000  0.091161  0.000000
 0.000000 0.000000 0.007318 0.000000 0.000000 0.000000 0.021852 0.000000 0.026098
            0.000000  0.096225  0.000000
 0.000000 0.000000 0.007181 0.000000 0.000000 0.000000 0.020777 0.000000 0.026197
            0.000000  0.101290  0.000000
 0.000000 0.000000 0.007086 0.000000 0.000000 0.000000 0.019776 0.000000 0.026256
            0.000000  0.106354  0.000000
 0.000000 0.000000 0.007026 0.000000 0.000000 0.000000 0.018839 0.000000 0.026272
            0.000000  0.111418  0.000000
 0.000000 0.000000 0.006995 0.000000 0.000000 0.000000 0.017956 0.000000 0.026246
            0.000000  0.116483  0.000000
 0.000000 0.000000 0.006988 0.000000 0.000000 0.000000 0.017120 0.000000 0.026179
            0.000000  0.121547  0.000000
 0.000000 0.000000 0.007000 0.000000 0.000000 0.000000 0.016325 0.000000 0.026071
            0.000000  0.126612  0.000000
 0.000000 0.000000 0.007026 0.000000 0.000000 0.000000 0.015566 0.000000 0.025925
            0.000000  0.131676  0.000000
 0.000000 0.000000 0.007064 0.000000 0.000000 0.000000 0.014838 0.000000 0.025743
            0.000000  0.136741  0.000000
 0.000000 0.000000 0.007109 0.000000 0.000000 0.000000 0.014138 0.000000 0.025530
            0.000000  0.141805  0.000000
 0.000000 0.000000 0.007159 0.000000 0.000000 0.000000 0.013463 0.000000 0.025288
            0.000000  0.146870  0.000000
 0.000000 0.000000 0.007212 0.000000 0.000000 0.000000 0.012811 0.000000 0.025021
            0.000000  0.151934  0.000000
 0.000000 0.000000 0.007266 0.000000 0.000000 0.000000 0.012179 0.000000 0.024735
            0.000000  0.156999  0.000000
 0.000000 0.000000 0.007319 0.000000 0.000000 0.000000 0.011566 0.000000 0.024432
            0.000000  0.162063  0.000000
 0.000000 0.000000 0.007370 0.000000 0.000000 0.000000 0.010973 0.000000 0.024118
            0.000000  0.167128  0.000000
 0.000000 0.000000 0.007416 0.000000 0.000000 0.000000 0.010396 0.000000 0.023795
            0.000000  0.172192  0.000000
 0.000000 0.000000 0.007458 0.000000 0.000000 0.000000 0.009837 0.000000 0.023468
            0.000000  0.177257  0.000000
 0.000000 0.000000 0.007494 0.000000 0.000000 0.000000 0.009294 0.000000 0.023139
            0.000000  0.182321  0.000000
 0.000000 0.000000 0.007524 0.000000 0.000000 0.000000 0.008768 0.000000 0.022812
            0.000000  0.187386  0.000000
 0.000000 0.000000 0.007546 0.000000 0.000000 0.000000 0.008259 0.000000 0.022489
            0.000000  0.192450  0.000000
 0.000000 0.000000 0.007562 0.000000 0.000000 0.000000 0.007765 0.000000 0.022172
            0.000000  0.197515  0.000000
 0.000000 0.000000 0.007570 0.000000 0.000000 0.000000 0.007288 0.000000 0.021863
            0.000000  0.202579  0.000000
 0.000000 0.000000 0.007570 0.000000 0.000000 0.000000 0.006826 0.000000 0.021562
            0.000000  0.207644  0.000000
 0.000000 0.000000 0.007564 0.000000 0.000000 0.000000 0.006380 0.000000 0.021270
            0.000000  0.212708  0.000000
 0.000000 0.000000 0.007549 0.000000 0.000000 0.000000 0.005950 0.000000 0.020987
            0.000000  0.217772  0.000000
 0.000000 0.000000 0.007528 0.000000 0.000000 0.000000 0.005535 0.000000 0.020714
            0.000000  0.222837  0.000000
 0.000000 0.000000 0.007501 0.000000 0.000000 0.000000 0.005135 0.000000 0.020451
            0.000000  0.227901  0.000000
 0.000000 0.000000 0.007467 0.000000 0.000000 0.000000 0.004750 0.000000 0.020196
            0.000000  0.232966  0.000000
 0.000000 0.000000 0.007427 0.000000 0.000000 0.000000 0.004379 0.000000 0.019949
            0.000000  0.238030  0.000000
 0.000000 0.000000 0.007382 0.000000 0.000000 0.000000 0.004023 0.000000 0.019710
            0.000000  0.243095  0.000000
 0.000000 0.000000 0.007332 0.000000 0.000000 0.000000 0.003680 0.000000 0.019478
            0.000000  0.248159  0.000000
 0.000000 0.000000 0.007277 0.000000 0.000000 0.000000 0.003350 0.000000 0.019253
            0.000000  0.253224  0.000000
 0.000000 0.000000 0.007219 0.000000 0.000000 0.000000 0.003033 0.000000 0.019033
            0.000000  0.258288  0.000000
 0.000000 0.000000 0.007156 0.000000 0.000000 0.000000 0.002729 0.000000 0.018819
            0.000000  0.263353  0.000000
 0.000000 0.000000 0.007090 0.000000 0.000000 0.000000 0.002437 0.000000 0.018610
            0.000000  0.268417  0.000000
 0.000000 0.000000 0.007020 0.000000 0.000000 0.000000 0.002157 0.000000 0.018406
            0.000000  0.273482  0.000000
 0.000000 0.000000 0.006948 0.000000 0.000000 0.000000 0.001889 0.000000 0.018206
            0.000000  0.278546  0.000000
 0.000000 0.000000 0.006873 0.000000 0.000000 0.000000 0.001633 0.000000 0.018013
            0.000000  0.283611  0.000000
 0.000000 0.000000 0.006795 0.000000 0.000000 0.000000 0.001390 0.000000 0.017824
            0.000000  0.288675  0.000000
 0.000000 0.000000 0.006715 0.000000 0.000000 0.000000 0.001161 0.000000 0.017642
            0.000000  0.293740  0.000000
 0.000000 0.000000 0.006632 0.000000 0.000000 0.000000 0.000948 0.000000 0.017467
            0.000000  0.298804  0.000000
 0.000000 0.000000 0.006547 0.000000 0.000000 0.000000 0.000757 0.000000 0.017300
            0.000000  0.303869  0.000000
 0.000000 0.000000 0.006460 0.000000 0.000000 0.000000 0.000596 0.000000 0.017142
            0.000000  0.308933  0.000000
 0.000000 0.000000 0.006371 0.000000 0.000000 0.000000 0.000487 0.000000 0.016993
            0.000000  0.313998  0.000000
 0.000000 0.000000 0.006280 0.000000 0.000000 0.000000 0.000456 0.000000 0.016856
            0.000000  0.319062  0.000000
 0.000000 0.000000 0.006186 0.000000 0.000000 0.000000 0.000509 0.000000 0.016731
            0.000000  0.324126  0.000000
 0.000000 0.000000 0.006091 0.000000 0.000000 0.000000 0.000618 0.000000 0.016619
            0.000000  0.329191  0.000000
 0.000000 0.000000 0.005994 0.000000 0.000000 0.000000 0.000755 0.000000 0.016521
            0.000000  0.334255  0.000000
 0.000000 0.000000 0.005895 0.000000 0.000000 0.000000 0.000904 0.000000 0.016438
            0.000000  0.339320  0.000000
 0.000000 0.000000 0.005794 0.000000 0.000000 0.000000 0.001057 0.000000 0.016372
            0.000000  0.344384  0.000000
 0.000000 0.000000 0.005691 0.000000 0.000000 0.000000 0.001212 0.000000 0.016322
            0.000000  0.349449  0.000000
 0.000000 0.000000 0.005588 0.000000 0.000000 0.000000 0.001365 0.000000 0.016289
            0.000000  0.354513  0.000000
 0.000000 0.000000 0.005482 0.000000 0.000000 0.000000 0.001518 0.000000 0.016274
            0.000000  0.359578  0.000000
 0.000000 0.000000 0.005376 0.000000 0.000000 0.000000 0.001668 0.000000 0.016276
            0.000000  0.364642  0.000000
 0.000000 0.000000 0.005269 0.000000 0.000000 0.000000 0.001816 0.000000 0.016297
            0.000000  0.369707  0.000000
 0.000000 0.000000 0.005161 0.000000 0.000000 0.000000 0.001962 0.000000 0.016334
            0.000000  0.374771  0.000000
 0.000000 0.000000 0.005052 0.000000 0.000000 0.000000 0.002107 0.000000 0.016389
            0.000000  0.379836  0.000000
 0.000000 0.000000 0.004943 0.000000 0.000000 0.000000 0.002249 0.000000 0.016460
            0.000000  0.384900  0.000000
 0.000000 0.000000 0.004835 0.000000 0.000000 0.000000 0.002389 0.000000 0.016547
            0.000000  0.389965  0.000000
 0.000000 0.000000 0.004727 0.000000 0.000000 0.000000 0.002527 0.000000 0.016649
            0.000000  0.395029  0.000000
 0.000000 0.000000 0.004620 0.000000 0.000000 0.000000 0.002662 0.000000 0.016765
            0.000000  0.400094  0.000000
 0.000000 0.000000 0.004515 0.000000 0.000000 0.000000 0.002795 0.000000 0.016893
            0.000000  0.405158  0.000000
 0.000000 0.000000 0.004411 0.000000 0.000000 0.000000 0.002925 0.000000 0.017033
            0.000000  0.410223  0.000000
 0.000000 0.000000 0.004310 0.000000 0.000000 0.000000 0.003052 0.000000 0.017184
            0.000000  0.415287  0.000000
 0.000000 0.000000 0.004212 0.000000 0.000000 0.000000 0.003175 0.000000 0.017345
            0.000000  0.420352  0.000000
 0.000000 0.000000 0.004118 0.000000 0.000000 0.000000 0.003295 0.000000 0.017514
            0.000000  0.425416  0.000000
 0.000000 0.000000 0.004028 0.000000 0.000000 0.000000 0.003411 0.000000 0.017689
            0.000000  0.430480  0.000000
 0.000000 0.000000 0.003942 0.000000 0.000000 0.000000 0.003523 0.000000 0.017871
            0.000000  0.435545  0.000000
 0.000000 0.000000 0.003862 0.000000 0.000000 0.000000 0.003630 0.000000 0.018059
            0.000000  0.440609  0.000000
 0.000000 0.000000 0.003788 0.000000 0.000000 0.000000 0.003734 0.000000 0.018250
            0.000000  0.445674  0.000000
 0.000000 0.000000 0.003721 0.000000 0.000000 0.000000 0.003833 0.000000 0.018444
            0.000000  0.450738  0.000000
 0.000000 0.000000 0.003660 0.000000 0.000000 0.000000 0.003928 0.000000 0.018641
            0.000000  0.455803  0.000000
 0.000000 0.000000 0.003608 0.000000 0.000000 0.000000 0.004018 0.000000 0.018838
            0.000000  0.460867  0.000000
 0.000000 0.000000 0.003563 0.000000 0.000000 0.000000 0.004105 0.000000 0.019037
            0.000000  0.465932  0.000000
 0.000000 0.000000 0.003527 0.000000 0.000000 0.000000 0.004188 0.000000 0.019234
            0.000000  0.470996  0.000000
 0.000000 0.000000 0.003500 0.000000 0.000000 0.000000 0.004267 0.000000 0.019431
            0.000000  0.476061  0.000000
 0.000000 0.000000 0.003482 0.000000 0.000000 0.000000 0.004343 0.000000 0.019626
            0.000000  0.481125  0.000000
 0.000000 0.000000 0.003472 0.000000 0.000000 0.000000 0.004416 0.000000 0.019819
            0.000000  0.486190  0.000000
 0.000000 0.000000 0.003472 0.000000 0.000000 0.000000 0.004486 0.000000 0.020008
            0.000000  0.491254  0.000000
 0.000000 0.000000 0.003479 0.000000 0.000000 0.000000 0.004553 0.000000 0.020193
            0.000000  0.496319  0.000000
 0.000000 0.000000 0.003495 0.000000 0.000000 0.000000 0.004618 0.000000 0.020373
            0.000000  0.501383  0.000000
 0.000000 0.000000 0.003518 0.000000 0.000000 0.000000 0.004680 0.000000 0.020547
            0.000000  0.506448  0.000000
 0.000000 0.000000 0.003546 0.000000 0.000000 0.000000 0.004740 0.000000 0.020715
            0.000000  0.511512  0.000000
 0.000000 0.000000 0.003581 0.000000 0.000000 0.000000 0.004798 0.000000 0.020876
            0.000000  0.516577  0.000000
 0.000000 0.000000 0.003619 0.000000 0.000000 0.000000 0.004853 0.000000 0.021029
            0.000000  0.521641  0.000000
 0.000000 0.000000 0.003660 0.000000 0.000000 0.000000 0.004905 0.000000 0.021174
            0.000000  0.526706  0.000000
 0.000000 0.000000 0.003703 0.000000 0.000000 0.000000 0.004955 0.000000 0.021309
            0.000000  0.531770  0.000000
 0.000000 0.000000 0.003747 0.000000 0.000000 0.000000 0.005001 0.000000 0.021434
            0.000000  0.536834  0.000000
 0.000000 0.000000 0.003790 0.000000 0.000000 0.000000 0.005044 0.000000 0.021548
            0.000000  0.541899  0.000000
 0.000000 0.000000 0.003831 0.000000 0.000000 0.000000 0.005082 0.000000 0.021650
            0.000000  0.546963  0.000000
 0.000000 0.000000 0.003869 0.000000 0.000000 0.000000 0.005117 0.000000 0.021740
            0.000000  0.552028  0.000000
 0.000000 0.000000 0.003903 0.000000 0.000000 0.000000 0.005147 0.000000 0.021818
            0.000000  0.557092  0.000000
 0.000000 0.000000 0.003933 0.000000 0.000000 0.000000 0.005172 0.000000 0.021882
            0.000000  0.562157  0.000000
 0.000000 0.000000 0.003956 0.000000 0.000000 0.000000 0.005192 0.000000 0.021932
            0.000000  0.567221  0.000000
 0.000000 0.000000 0.003973 0.000000 0.000000 0.000000 0.005206 0.000000 0.021968
            0.000000  0.572286  0.000000
 0.000000 0.000000 0.003984 0.000000 0.000000 0.000000 0.005215 0.000000 0.021990
            0.000000  0.577350  0.000000
 0.000000 0.000000 0.003987 0.000000 0.000000 0.000000 0.005218 0.000000 0.021997
