 &plot nbnd=   9, nks=   248 /
            0.333333  0.577350  0.000000
 0.000000 0.014589 0.000000 0.000000 0.000000 0.014564 0.000000 0.000000 0.000000
            0.330808  0.572976  0.000000
 0.000000 0.014338 0.002650 0.000000 0.000000 0.014565 0.000131 0.000000 0.000166
            0.328283  0.568603  0.000000
 0.000000 0.013810 0.004596 0.000000 0.000000 0.014566 0.000264 0.000000 0.000308
            0.325758  0.564229  0.000000
 0.000000 0.013288 0.005835 0.000000 0.000000 0.014568 0.000396 0.000000 0.000425
            0.323232  0.559855  0.000000
 0.000000 0.012856 0.006607 0.000000 0.000000 0.014571 0.000527 0.000000 0.000517
            0.320707  0.555481  0.000000
 0.000000 0.012507 0.007099 0.000000 0.000000 0.014574 0.000654 0.000000 0.000586
            0.318182  0.551107  0.000000
 0.000000 0.012218 0.007421 0.000000 0.000000 0.014578 0.000779 0.000000 0.000632
            0.315657  0.546733  0.000000
 0.000000 0.011971 0.007635 0.000000 0.000000 0.014583 0.000899 0.000000 0.000656
            0.313131  0.542359  0.000000
 0.000000 0.011750 0.007779 0.000000 0.000000 0.014587 0.001014 0.000000 0.000658
            0.310606  0.537985  0.000000
 0.000000 0.011547 0.007877 0.000000 0.000000 0.014593 0.001123 0.000000 0.000641
            0.308081  0.533612  0.000000
 0.000000 0.011356 0.007941 0.000000 0.000000 0.014598 0.001226 0.000000 0.000606
            0.305556  0.529238  0.000000
 0.000000 0.011173 0.007984 0.000000 0.000000 0.014603 0.001324 0.000000 0.000552
            0.303030  0.524864  0.000000
 0.000000 0.010996 0.008011 0.000000 0.000000 0.014609 0.001416 0.000000 0.000483
            0.300505  0.520490  0.000000
 0.000000 0.010823 0.008028 0.000000 0.000000 0.014614 0.001501 0.000000 0.000397
            0.297980  0.516116  0.000000
 0.000000 0.010653 0.008038 0.000000 0.000000 0.014619 0.001581 0.000000 0.000297
            0.295455  0.511742  0.000000
 0.000000 0.010485 0.008043 0.000000 0.000000 0.014624 0.001656 0.000000 0.000184
            0.292929  0.507368  0.000000
 0.000000 0.010319 0.008045 0.000000 0.000000 0.014627 0.001725 0.000000 0.000061
            0.290404  0.502995  0.000000
 0.000000 0.010155 0.008046 0.000000 0.000000 0.014631 0.001789 0.000000 0.000092
            0.287879  0.498621  0.000000
 0.000000 0.009993 0.008047 0.000000 0.000000 0.014633 0.001849 0.000000 0.000242
            0.285354  0.494247  0.000000
 0.000000 0.009831 0.008049 0.000000 0.000000 0.014633 0.001905 0.000000 0.000407
            0.282828  0.489873  0.000000
 0.000000 0.009671 0.008051 0.000000 0.000000 0.014633 0.001957 0.000000 0.000584
            0.280303  0.485499  0.000000
 0.000000 0.009511 0.008055 0.000000 0.000000 0.014631 0.002005 0.000000 0.000774
            0.277778  0.481125  0.000000
 0.000000 0.009352 0.008061 0.000000 0.000000 0.014626 0.002051 0.000000 0.000976
            0.275253  0.476751  0.000000
 0.000000 0.009194 0.008068 0.000000 0.000000 0.014620 0.002095 0.000000 0.001190
            0.272727  0.472377  0.000000
 0.000000 0.009036 0.008079 0.000000 0.000000 0.014612 0.002137 0.000000 0.001416
            0.270202  0.468004  0.000000
 0.000000 0.008878 0.008091 0.000000 0.000000 0.014601 0.002177 0.000000 0.001654
            0.267677  0.463630  0.000000
 0.000000 0.008721 0.008106 0.000000 0.000000 0.014587 0.002216 0.000000 0.001903
            0.265152  0.459256  0.000000
 0.000000 0.008564 0.008123 0.000000 0.000000 0.014571 0.002254 0.000000 0.002164
            0.262626  0.454882  0.000000
 0.000000 0.008407 0.008144 0.000000 0.000000 0.014551 0.002292 0.000000 0.002437
            0.260101  0.450508  0.000000
 0.000000 0.008250 0.008166 0.000000 0.000000 0.014528 0.002329 0.000000 0.002720
            0.257576  0.446134  0.000000
 0.000000 0.008095 0.008192 0.000000 0.000000 0.014500 0.002367 0.000000 0.003013
            0.255051  0.441760  0.000000
 0.000000 0.007940 0.008220 0.000000 0.000000 0.014469 0.002405 0.000000 0.003314
            0.252525  0.437387  0.000000
 0.000000 0.007786 0.008251 0.000000 0.000000 0.014434 0.002443 0.000000 0.003624
            0.250000  0.433013  0.000000
 0.000000 0.007634 0.008284 0.000000 0.000000 0.014393 0.002481 0.000000 0.003941
            0.247475  0.428639  0.000000
 0.000000 0.007483 0.008320 0.000000 0.000000 0.014348 0.002520 0.000000 0.004264
            0.244949  0.424265  0.000000
 0.000000 0.007335 0.008358 0.000000 0.000000 0.014298 0.002560 0.000000 0.004591
            0.242424  0.419891  0.000000
 0.000000 0.007189 0.008398 0.000000 0.000000 0.014242 0.002599 0.000000 0.004921
            0.239899  0.415517  0.000000
 0.000000 0.007046 0.008440 0.000000 0.000000 0.014180 0.002639 0.000000 0.005253
            0.237374  0.411143  0.000000
 0.000000 0.006905 0.008483 0.000000 0.000000 0.014111 0.002678 0.000000 0.005585
            0.234848  0.406770  0.000000
 0.000000 0.006768 0.008529 0.000000 0.000000 0.014036 0.002718 0.000000 0.005917
            0.232323  0.402396  0.000000
 0.000000 0.006635 0.008575 0.000000 0.000000 0.013954 0.002757 0.000000 0.006247
            0.229798  0.398022  0.000000
 0.000000 0.006505 0.008623 0.000000 0.000000 0.013864 0.002795 0.000000 0.006575
            0.227273  0.393648  0.000000
 0.000000 0.006378 0.008671 0.000000 0.000000 0.013767 0.002832 0.000000 0.006899
            0.224747  0.389274  0.000000
 0.000000 0.006255 0.008720 0.000000 0.000000 0.013662 0.002869 0.000000 0.007220
            0.222222  0.384900  0.000000
 0.000000 0.006136 0.008770 0.000000 0.000000 0.013548 0.002904 0.000000 0.007537
            0.219697  0.380526  0.000000
 0.000000 0.006019 0.008819 0.000000 0.000000 0.013425 0.002939 0.000000 0.007850
            0.217172  0.376152  0.000000
 0.000000 0.005906 0.008869 0.000000 0.000000 0.013293 0.002972 0.000000 0.008159
            0.214646  0.371779  0.000000
 0.000000 0.005796 0.008918 0.000000 0.000000 0.013152 0.003005 0.000000 0.008464
            0.212121  0.367405  0.000000
 0.000000 0.005687 0.008967 0.000000 0.000000 0.013001 0.003037 0.000000 0.008766
            0.209596  0.363031  0.000000
 0.000000 0.005581 0.009016 0.000000 0.000000 0.012840 0.003068 0.000000 0.009066
            0.207071  0.358657  0.000000
 0.000000 0.005476 0.009063 0.000000 0.000000 0.012669 0.003100 0.000000 0.009365
            0.204545  0.354283  0.000000
 0.000000 0.005371 0.009110 0.000000 0.000000 0.012488 0.003131 0.000000 0.009662
            0.202020  0.349909  0.000000
 0.000000 0.005267 0.009156 0.000000 0.000000 0.012297 0.003164 0.000000 0.009959
            0.199495  0.345535  0.000000
 0.000000 0.005163 0.009200 0.000000 0.000000 0.012095 0.003199 0.000000 0.010258
            0.196970  0.341162  0.000000
 0.000000 0.005057 0.009244 0.000000 0.000000 0.011883 0.003235 0.000000 0.010559
            0.194444  0.336788  0.000000
 0.000000 0.004951 0.009286 0.000000 0.000000 0.011661 0.003275 0.000000 0.010862
            0.191919  0.332414  0.000000
 0.000000 0.004842 0.009327 0.000000 0.000000 0.011429 0.003318 0.000000 0.011169
            0.189394  0.328040  0.000000
 0.000000 0.004732 0.009366 0.000000 0.000000 0.011187 0.003365 0.000000 0.011481
            0.186869  0.323666  0.000000
 0.000000 0.004618 0.009404 0.000000 0.000000 0.010936 0.003418 0.000000 0.011797
            0.184343  0.319292  0.000000
 0.000000 0.004502 0.009441 0.000000 0.000000 0.010677 0.003476 0.000000 0.012119
            0.181818  0.314918  0.000000
 0.000000 0.004384 0.009477 0.000000 0.000000 0.010408 0.003541 0.000000 0.012446
            0.179293  0.310544  0.000000
 0.000000 0.004262 0.009512 0.000000 0.000000 0.010133 0.003613 0.000000 0.012778
            0.176768  0.306171  0.000000
 0.000000 0.004138 0.009545 0.000000 0.000000 0.009850 0.003693 0.000000 0.013115
            0.174242  0.301797  0.000000
 0.000000 0.004012 0.009577 0.000000 0.000000 0.009561 0.003781 0.000000 0.013456
            0.171717  0.297423  0.000000
 0.000000 0.003884 0.009609 0.000000 0.000000 0.009266 0.003878 0.000000 0.013801
            0.169192  0.293049  0.000000
 0.000000 0.003754 0.009640 0.000000 0.000000 0.008966 0.003985 0.000000 0.014148
            0.166667  0.288675  0.000000
 0.000000 0.003624 0.009671 0.000000 0.000000 0.008663 0.004100 0.000000 0.014497
            0.164141  0.284301  0.000000
 0.000000 0.003493 0.009702 0.000000 0.000000 0.008356 0.004226 0.000000 0.014844
            0.161616  0.279927  0.000000
 0.000000 0.003364 0.009733 0.000000 0.000000 0.008048 0.004361 0.000000 0.015190
            0.159091  0.275554  0.000000
 0.000000 0.003235 0.009765 0.000000 0.000000 0.007737 0.004507 0.000000 0.015533
            0.156566  0.271180  0.000000
 0.000000 0.003109 0.009797 0.000000 0.000000 0.007427 0.004662 0.000000 0.015870
            0.154040  0.266806  0.000000
 0.000000 0.002986 0.009831 0.000000 0.000000 0.007117 0.004828 0.000000 0.016200
            0.151515  0.262432  0.000000
 0.000000 0.002867 0.009866 0.000000 0.000000 0.006808 0.005004 0.000000 0.016522
            0.148990  0.258058  0.000000
 0.000000 0.002752 0.009904 0.000000 0.000000 0.006500 0.005191 0.000000 0.016835
            0.146465  0.253684  0.000000
 0.000000 0.002641 0.009944 0.000000 0.000000 0.006196 0.005389 0.000000 0.017136
            0.143939  0.249310  0.000000
 0.000000 0.002536 0.009986 0.000000 0.000000 0.005895 0.005597 0.000000 0.017426
            0.141414  0.244936  0.000000
 0.000000 0.002436 0.010032 0.000000 0.000000 0.005597 0.005817 0.000000 0.017704
            0.138889  0.240563  0.000000
 0.000000 0.002342 0.010082 0.000000 0.000000 0.005304 0.006048 0.000000 0.017970
            0.136364  0.236189  0.000000
 0.000000 0.002254 0.010136 0.000000 0.000000 0.005016 0.006290 0.000000 0.018224
            0.133838  0.231815  0.000000
 0.000000 0.002171 0.010193 0.000000 0.000000 0.004733 0.006546 0.000000 0.018468
            0.131313  0.227441  0.000000
 0.000000 0.002092 0.010255 0.000000 0.000000 0.004456 0.006814 0.000000 0.018701
            0.128788  0.223067  0.000000
 0.000000 0.002019 0.010322 0.000000 0.000000 0.004185 0.007097 0.000000 0.018927
            0.126263  0.218693  0.000000
 0.000000 0.001948 0.010393 0.000000 0.000000 0.003920 0.007394 0.000000 0.019146
            0.123737  0.214319  0.000000
 0.000000 0.001881 0.010469 0.000000 0.000000 0.003661 0.007707 0.000000 0.019362
            0.121212  0.209946  0.000000
 0.000000 0.001814 0.010550 0.000000 0.000000 0.003409 0.008036 0.000000 0.019576
            0.118687  0.205572  0.000000
 0.000000 0.001749 0.010634 0.000000 0.000000 0.003164 0.008382 0.000000 0.019792
            0.116162  0.201198  0.000000
 0.000000 0.001682 0.010723 0.000000 0.000000 0.002927 0.008747 0.000000 0.020013
            0.113636  0.196824  0.000000
 0.000000 0.001612 0.010816 0.000000 0.000000 0.002696 0.009132 0.000000 0.020240
            0.111111  0.192450  0.000000
 0.000000 0.001539 0.010913 0.000000 0.000000 0.002473 0.009537 0.000000 0.020478
            0.108586  0.188076  0.000000
 0.000000 0.001461 0.011012 0.000000 0.000000 0.002258 0.009963 0.000000 0.020728
            0.106061  0.183702  0.000000
 0.000000 0.001377 0.011114 0.000000 0.000000 0.002052 0.010411 0.000000 0.020993
            0.103535  0.179328  0.000000
 0.000000 0.001285 0.011219 0.000000 0.000000 0.001853 0.010882 0.000000 0.021274
            0.101010  0.174955  0.000000
 0.000000 0.001185 0.011325 0.000000 0.000000 0.001664 0.011376 0.000000 0.021573
            0.098485  0.170581  0.000000
 0.000000 0.001076 0.011433 0.000000 0.000000 0.001483 0.011895 0.000000 0.021890
            0.095960  0.166207  0.000000
 0.000000 0.000958 0.011542 0.000000 0.000000 0.001312 0.012437 0.000000 0.022226
            0.093434  0.161833  0.000000
 0.000000 0.000831 0.011653 0.000000 0.000000 0.001151 0.013004 0.000000 0.022578
            0.090909  0.157459  0.000000
 0.000000 0.000695 0.011764 0.000000 0.000000 0.001000 0.013595 0.000000 0.022946
            0.088384  0.153085  0.000000
 0.000000 0.000552 0.011877 0.000000 0.000000 0.000859 0.014211 0.000000 0.023326
            0.085859  0.148711  0.000000
 0.000000 0.000402 0.011991 0.000000 0.000000 0.000729 0.014851 0.000000 0.023715
            0.083333  0.144338  0.000000
 0.000000 0.000248 0.012109 0.000000 0.000000 0.000611 0.015516 0.000000 0.024110
            0.080808  0.139964  0.000000
 0.000000 0.000093 0.012229 0.000000 0.000000 0.000503 0.016204 0.000000 0.024503
            0.078283  0.135590  0.000000
 0.000000 0.000077 0.012354 0.000000 0.000000 0.000407 0.016917 0.000000 0.024891
            0.075758  0.131216  0.000000
 0.000000 0.000231 0.012486 0.000000 0.000000 0.000322 0.017654 0.000000 0.025266
            0.073232  0.126842  0.000000
 0.000000 0.000384 0.012627 0.000000 0.000000 0.000249 0.018416 0.000000 0.025622
            0.070707  0.122468  0.000000
 0.000000 0.000531 0.012779 0.000000 0.000000 0.000186 0.019203 0.000000 0.025952
            0.068182  0.118094  0.000000
 0.000000 0.000669 0.012945 0.000000 0.000000 0.000134 0.020017 0.000000 0.026250
            0.065657  0.113721  0.000000
 0.000000 0.000795 0.013130 0.000000 0.000000 0.000091 0.020860 0.000000 0.026508
            0.063131  0.109347  0.000000
 0.000000 0.000907 0.013338 0.000000 0.000000 0.000059 0.021733 0.000000 0.026721
            0.060606  0.104973  0.000000
 0.000000 0.001003 0.013573 0.000000 0.000000 0.000037 0.022640 0.000000 0.026883
            0.058081  0.100599  0.000000
 0.000000 0.001082 0.013842 0.000000 0.000000 0.000025 0.023585 0.000000 0.026991
            0.055556  0.096225  0.000000
 0.000000 0.001140 0.014150 0.000000 0.000000 0.000022 0.024573 0.000000 0.027039
            0.053030  0.091851  0.000000
 0.000000 0.001179 0.014505 0.000000 0.000000 0.000023 0.025611 0.000000 0.027027
            0.050505  0.087477  0.000000
 0.000000 0.001197 0.014914 0.000000 0.000000 0.000022 0.026706 0.000000 0.026953
            0.047980  0.083103  0.000000
 0.000000 0.001195 0.015386 0.000000 0.000000 0.000020 0.027868 0.000000 0.026817
            0.045455  0.078730  0.000000
 0.000000 0.001174 0.015931 0.000000 0.000000 0.000017 0.029106 0.000000 0.026623
            0.042929  0.074356  0.000000
 0.000000 0.001134 0.016559 0.000000 0.000000 0.000013 0.030436 0.000000 0.026372
            0.040404  0.069982  0.000000
 0.000000 0.001079 0.017283 0.000000 0.000000 0.000010 0.031871 0.000000 0.026072
            0.037879  0.065608  0.000000
 0.000000 0.001010 0.018115 0.000000 0.000000 0.000011 0.033432 0.000000 0.025728
            0.035354  0.061234  0.000000
 0.000000 0.000929 0.019072 0.000000 0.000000 0.000014 0.035139 0.000000 0.025348
            0.032828  0.056860  0.000000
 0.000000 0.000840 0.020170 0.000000 0.000000 0.000018 0.037020 0.000000 0.024941
            0.030303  0.052486  0.000000
 0.000000 0.000746 0.021431 0.000000 0.000000 0.000021 0.039107 0.000000 0.024519
            0.027778  0.048113  0.000000
 0.000000 0.000650 0.022879 0.000000 0.000000 0.000023 0.041439 0.000000 0.024093
            0.025253  0.043739  0.000000
 0.000000 0.000553 0.024546 0.000000 0.000000 0.000023 0.044066 0.000000 0.023675
            0.022727  0.039365  0.000000
 0.000000 0.000460 0.026470 0.000000 0.000000 0.000023 0.047050 0.000000 0.023279
            0.020202  0.034991  0.000000
 0.000000 0.000372 0.028702 0.000000 0.000000 0.000022 0.050470 0.000000 0.022918
            0.017677  0.030617  0.000000
 0.000000 0.000292 0.031308 0.000000 0.000000 0.000020 0.054431 0.000000 0.022608
            0.015152  0.026243  0.000000
 0.000000 0.000220 0.034379 0.000000 0.000000 0.000018 0.059072 0.000000 0.022362
            0.012626  0.021869  0.000000
 0.000000 0.000158 0.038039 0.000000 0.000000 0.000015 0.064583 0.000000 0.022199
            0.010101  0.017495  0.000000
 0.000000 0.000107 0.042469 0.000000 0.000000 0.000012 0.071232 0.000000 0.022136
            0.007576  0.013122  0.000000
 0.000000 0.000067 0.047938 0.000000 0.000000 0.000009 0.079410 0.000000 0.022194
            0.005051  0.008748  0.000000
 0.000000 0.000037 0.054861 0.000000 0.000000 0.000006 0.089709 0.000000 0.022400
            0.002525  0.004374  0.000000
 0.000000 0.000016 0.063919 0.000000 0.000000 0.000003 0.103073 0.000000 0.022789
            0.000253  0.000437  0.000000
 0.000000 0.000001 0.074868 0.000000 0.000000 0.000000 0.119020 0.000000 0.023340
            0.000000  0.000506  0.000000
 0.000000 0.000000 0.074864 0.000000 0.000000 0.000000 0.119015 0.000000 0.023339
            0.000000  0.005064  0.000000
 0.000000 0.000000 0.063899 0.000000 0.000000 0.000000 0.103029 0.000000 0.022787
            0.000000  0.010129  0.000000
 0.000000 0.000000 0.054834 0.000000 0.000000 0.000000 0.089641 0.000000 0.022397
            0.000000  0.015193  0.000000
 0.000000 0.000000 0.047911 0.000000 0.000000 0.000000 0.079330 0.000000 0.022190
            0.000000  0.020258  0.000000
 0.000000 0.000000 0.042445 0.000000 0.000000 0.000000 0.071145 0.000000 0.022131
            0.000000  0.025322  0.000000
 0.000000 0.000000 0.038019 0.000000 0.000000 0.000000 0.064493 0.000000 0.022194
            0.000000  0.030387  0.000000
 0.000000 0.000000 0.034362 0.000000 0.000000 0.000000 0.058982 0.000000 0.022356
            0.000000  0.035451  0.000000
 0.000000 0.000000 0.031293 0.000000 0.000000 0.000000 0.054342 0.000000 0.022601
            0.000000  0.040516  0.000000
 0.000000 0.000000 0.028688 0.000000 0.000000 0.000000 0.050383 0.000000 0.022912
            0.000000  0.045580  0.000000
 0.000000 0.000000 0.026456 0.000000 0.000000 0.000000 0.046965 0.000000 0.023274
            0.000000  0.050645  0.000000
 0.000000 0.000000 0.024530 0.000000 0.000000 0.000000 0.043985 0.000000 0.023673
            0.000000  0.055709  0.000000
 0.000000 0.000000 0.022860 0.000000 0.000000 0.000000 0.041362 0.000000 0.024095
            0.000000  0.060774  0.000000
 0.000000 0.000000 0.021408 0.000000 0.000000 0.000000 0.039034 0.000000 0.024526
            0.000000  0.065838  0.000000
 0.000000 0.000000 0.020142 0.000000 0.000000 0.000000 0.036953 0.000000 0.024955
            0.000000  0.070903  0.000000
 0.000000 0.000000 0.019038 0.000000 0.000000 0.000000 0.035078 0.000000 0.025371
            0.000000  0.075967  0.000000
 0.000000 0.000000 0.018075 0.000000 0.000000 0.000000 0.033378 0.000000 0.025762
            0.000000  0.081032  0.000000
 0.000000 0.000000 0.017235 0.000000 0.000000 0.000000 0.031825 0.000000 0.026120
            0.000000  0.086096  0.000000
 0.000000 0.000000 0.016504 0.000000 0.000000 0.000000 0.030397 0.000000 0.026436
            0.000000  0.091161  0.000000
 0.000000 0.000000 0.015867 0.000000 0.000000 0.000000 0.029075 0.000000 0.026705
            0.000000  0.096225  0.000000
 0.000000 0.000000 0.015312 0.000000 0.000000 0.000000 0.027845 0.000000 0.026920
            0.000000  0.101290  0.000000
 0.000000 0.000000 0.014829 0.000000 0.000000 0.000000 0.026691 0.000000 0.027079
            0.000000  0.106354  0.000000
 0.000000 0.000000 0.014408 0.000000 0.000000 0.000000 0.025604 0.000000 0.027178
            0.000000  0.111418  0.000000
 0.000000 0.000000 0.014040 0.000000 0.000000 0.000000 0.024574 0.000000 0.027218
            0.000000  0.116483  0.000000
 0.000000 0.000000 0.013718 0.000000 0.000000 0.000000 0.023592 0.000000 0.027199
            0.000000  0.121547  0.000000
 0.000000 0.000000 0.013433 0.000000 0.000000 0.000000 0.022653 0.000000 0.027122
            0.000000  0.126612  0.000000
 0.000000 0.000000 0.013182 0.000000 0.000000 0.000000 0.021750 0.000000 0.026991
            0.000000  0.131676  0.000000
 0.000000 0.000000 0.012957 0.000000 0.000000 0.000000 0.020879 0.000000 0.026810
            0.000000  0.136741  0.000000
 0.000000 0.000000 0.012756 0.000000 0.000000 0.000000 0.020037 0.000000 0.026582
            0.000000  0.141805  0.000000
 0.000000 0.000000 0.012573 0.000000 0.000000 0.000000 0.019221 0.000000 0.026314
            0.000000  0.146870  0.000000
 0.000000 0.000000 0.012405 0.000000 0.000000 0.000000 0.018428 0.000000 0.026012
            0.000000  0.151934  0.000000
 0.000000 0.000000 0.012250 0.000000 0.000000 0.000000 0.017658 0.000000 0.025681
            0.000000  0.156999  0.000000
 0.000000 0.000000 0.012105 0.000000 0.000000 0.000000 0.016908 0.000000 0.025327
            0.000000  0.162063  0.000000
 0.000000 0.000000 0.011968 0.000000 0.000000 0.000000 0.016179 0.000000 0.024956
            0.000000  0.167128  0.000000
 0.000000 0.000000 0.011837 0.000000 0.000000 0.000000 0.015470 0.000000 0.024574
            0.000000  0.172192  0.000000
 0.000000 0.000000 0.011711 0.000000 0.000000 0.000000 0.014780 0.000000 0.024186
            0.000000  0.177257  0.000000
 0.000000 0.000000 0.011589 0.000000 0.000000 0.000000 0.014109 0.000000 0.023797
            0.000000  0.182321  0.000000
 0.000000 0.000000 0.011468 0.000000 0.000000 0.000000 0.013459 0.000000 0.023411
            0.000000  0.187386  0.000000
 0.000000 0.000000 0.011349 0.000000 0.000000 0.000000 0.012827 0.000000 0.023032
            0.000000  0.192450  0.000000
 0.000000 0.000000 0.011230 0.000000 0.000000 0.000000 0.012215 0.000000 0.022662
            0.000000  0.197515  0.000000
 0.000000 0.000000 0.011111 0.000000 0.000000 0.000000 0.011622 0.000000 0.022303
            0.000000  0.202579  0.000000
 0.000000 0.000000 0.010992 0.000000 0.000000 0.000000 0.011049 0.000000 0.021957
            0.000000  0.207644  0.000000
 0.000000 0.000000 0.010872 0.000000 0.000000 0.000000 0.010495 0.000000 0.021626
            0.000000  0.212708  0.000000
 0.000000 0.000000 0.010751 0.000000 0.000000 0.000000 0.009960 0.000000 0.021308
            0.000000  0.217772  0.000000
 0.000000 0.000000 0.010629 0.000000 0.000000 0.000000 0.009443 0.000000 0.021005
            0.000000  0.222837  0.000000
 0.000000 0.000000 0.010505 0.000000 0.000000 0.000000 0.008945 0.000000 0.020715
            0.000000  0.227901  0.000000
 0.000000 0.000000 0.010380 0.000000 0.000000 0.000000 0.008464 0.000000 0.020438
            0.000000  0.232966  0.000000
 0.000000 0.000000 0.010254 0.000000 0.000000 0.000000 0.008000 0.000000 0.020173
            0.000000  0.238030  0.000000
 0.000000 0.000000 0.010127 0.000000 0.000000 0.000000 0.007554 0.000000 0.019919
            0.000000  0.243095  0.000000
 0.000000 0.000000 0.009999 0.000000 0.000000 0.000000 0.007123 0.000000 0.019674
            0.000000  0.248159  0.000000
 0.000000 0.000000 0.009870 0.000000 0.000000 0.000000 0.006707 0.000000 0.019437
            0.000000  0.253224  0.000000
 0.000000 0.000000 0.009741 0.000000 0.000000 0.000000 0.006306 0.000000 0.019208
            0.000000  0.258288  0.000000
 0.000000 0.000000 0.009611 0.000000 0.000000 0.000000 0.005919 0.000000 0.018984
            0.000000  0.263353  0.000000
 0.000000 0.000000 0.009480 0.000000 0.000000 0.000000 0.005545 0.000000 0.018766
            0.000000  0.268417  0.000000
 0.000000 0.000000 0.009349 0.000000 0.000000 0.000000 0.005184 0.000000 0.018552
            0.000000  0.273482  0.000000
 0.000000 0.000000 0.009218 0.000000 0.000000 0.000000 0.004835 0.000000 0.018343
            0.000000  0.278546  0.000000
 0.000000 0.000000 0.009087 0.000000 0.000000 0.000000 0.004498 0.000000 0.018138
            0.000000  0.283611  0.000000
 0.000000 0.000000 0.008955 0.000000 0.000000 0.000000 0.004171 0.000000 0.017939
            0.000000  0.288675  0.000000
 0.000000 0.000000 0.008823 0.000000 0.000000 0.000000 0.003855 0.000000 0.017744
            0.000000  0.293740  0.000000
 0.000000 0.000000 0.008690 0.000000 0.000000 0.000000 0.003549 0.000000 0.017556
            0.000000  0.298804  0.000000
 0.000000 0.000000 0.008558 0.000000 0.000000 0.000000 0.003251 0.000000 0.017375
            0.000000  0.303869  0.000000
 0.000000 0.000000 0.008425 0.000000 0.000000 0.000000 0.002963 0.000000 0.017203
            0.000000  0.308933  0.000000
 0.000000 0.000000 0.008291 0.000000 0.000000 0.000000 0.002683 0.000000 0.017040
            0.000000  0.313998  0.000000
 0.000000 0.000000 0.008157 0.000000 0.000000 0.000000 0.002411 0.000000 0.016888
            0.000000  0.319062  0.000000
 0.000000 0.000000 0.008023 0.000000 0.000000 0.000000 0.002146 0.000000 0.016749
            0.000000  0.324126  0.000000
 0.000000 0.000000 0.007889 0.000000 0.000000 0.000000 0.001888 0.000000 0.016624
            0.000000  0.329191  0.000000
 0.000000 0.000000 0.007754 0.000000 0.000000 0.000000 0.001636 0.000000 0.016514
            0.000000  0.334255  0.000000
 0.000000 0.000000 0.007618 0.000000 0.000000 0.000000 0.001391 0.000000 0.016422
            0.000000  0.339320  0.000000
 0.000000 0.000000 0.007483 0.000000 0.000000 0.000000 0.001151 0.000000 0.016347
            0.000000  0.344384  0.000000
 0.000000 0.000000 0.007347 0.000000 0.000000 0.000000 0.000917 0.000000 0.016290
            0.000000  0.349449  0.000000
 0.000000 0.000000 0.007211 0.000000 0.000000 0.000000 0.000687 0.000000 0.016254
            0.000000  0.354513  0.000000
 0.000000 0.000000 0.007076 0.000000 0.000000 0.000000 0.000462 0.000000 0.016237
            0.000000  0.359578  0.000000
 0.000000 0.000000 0.006940 0.000000 0.000000 0.000000 0.000243 0.000000 0.016241
            0.000000  0.364642  0.000000
 0.000000 0.000000 0.006805 0.000000 0.000000 0.000000 0.000051 0.000000 0.016264
            0.000000  0.369707  0.000000
 0.000000 0.000000 0.006670 0.000000 0.000000 0.000000 0.000198 0.000000 0.016308
            0.000000  0.374771  0.000000
 0.000000 0.000000 0.006536 0.000000 0.000000 0.000000 0.000404 0.000000 0.016370
            0.000000  0.379836  0.000000
 0.000000 0.000000 0.006403 0.000000 0.000000 0.000000 0.000609 0.000000 0.016451
            0.000000  0.384900  0.000000
 0.000000 0.000000 0.006272 0.000000 0.000000 0.000000 0.000811 0.000000 0.016549
            0.000000  0.389965  0.000000
 0.000000 0.000000 0.006141 0.000000 0.000000 0.000000 0.001008 0.000000 0.016663
            0.000000  0.395029  0.000000
 0.000000 0.000000 0.006013 0.000000 0.000000 0.000000 0.001202 0.000000 0.016792
            0.000000  0.400094  0.000000
 0.000000 0.000000 0.005886 0.000000 0.000000 0.000000 0.001391 0.000000 0.016934
            0.000000  0.405158  0.000000
 0.000000 0.000000 0.005762 0.000000 0.000000 0.000000 0.001575 0.000000 0.017088
            0.000000  0.410223  0.000000
 0.000000 0.000000 0.005641 0.000000 0.000000 0.000000 0.001754 0.000000 0.017253
            0.000000  0.415287  0.000000
 0.000000 0.000000 0.005522 0.000000 0.000000 0.000000 0.001929 0.000000 0.017427
            0.000000  0.420352  0.000000
 0.000000 0.000000 0.005408 0.000000 0.000000 0.000000 0.002098 0.000000 0.017608
            0.000000  0.425416  0.000000
 0.000000 0.000000 0.005297 0.000000 0.000000 0.000000 0.002261 0.000000 0.017796
            0.000000  0.430480  0.000000
 0.000000 0.000000 0.005190 0.000000 0.000000 0.000000 0.002419 0.000000 0.017989
            0.000000  0.435545  0.000000
 0.000000 0.000000 0.005089 0.000000 0.000000 0.000000 0.002571 0.000000 0.018186
            0.000000  0.440609  0.000000
 0.000000 0.000000 0.004992 0.000000 0.000000 0.000000 0.002717 0.000000 0.018386
            0.000000  0.445674  0.000000
 0.000000 0.000000 0.004902 0.000000 0.000000 0.000000 0.002857 0.000000 0.018589
            0.000000  0.450738  0.000000
 0.000000 0.000000 0.004818 0.000000 0.000000 0.000000 0.002992 0.000000 0.018792
            0.000000  0.455803  0.000000
 0.000000 0.000000 0.004741 0.000000 0.000000 0.000000 0.003121 0.000000 0.018996
            0.000000  0.460867  0.000000
 0.000000 0.000000 0.004671 0.000000 0.000000 0.000000 0.003245 0.000000 0.019199
            0.000000  0.465932  0.000000
 0.000000 0.000000 0.004609 0.000000 0.000000 0.000000 0.003363 0.000000 0.019402
            0.000000  0.470996  0.000000
 0.000000 0.000000 0.004555 0.000000 0.000000 0.000000 0.003477 0.000000 0.019603
            0.000000  0.476061  0.000000
 0.000000 0.000000 0.004510 0.000000 0.000000 0.000000 0.003587 0.000000 0.019802
            0.000000  0.481125  0.000000
 0.000000 0.000000 0.004473 0.000000 0.000000 0.000000 0.003692 0.000000 0.019998
            0.000000  0.486190  0.000000
 0.000000 0.000000 0.004445 0.000000 0.000000 0.000000 0.003792 0.000000 0.020191
            0.000000  0.491254  0.000000
 0.000000 0.000000 0.004426 0.000000 0.000000 0.000000 0.003889 0.000000 0.020380
            0.000000  0.496319  0.000000
 0.000000 0.000000 0.004415 0.000000 0.000000 0.000000 0.003982 0.000000 0.020565
            0.000000  0.501383  0.000000
 0.000000 0.000000 0.004412 0.000000 0.000000 0.000000 0.004071 0.000000 0.020744
            0.000000  0.506448  0.000000
 0.000000 0.000000 0.004417 0.000000 0.000000 0.000000 0.004157 0.000000 0.020917
            0.000000  0.511512  0.000000
 0.000000 0.000000 0.004428 0.000000 0.000000 0.000000 0.004238 0.000000 0.021084
            0.000000  0.516577  0.000000
 0.000000 0.000000 0.004445 0.000000 0.000000 0.000000 0.004315 0.000000 0.021242
            0.000000  0.521641  0.000000
 0.000000 0.000000 0.004467 0.000000 0.000000 0.000000 0.004388 0.000000 0.021393
            0.000000  0.526706  0.000000
 0.000000 0.000000 0.004492 0.000000 0.000000 0.000000 0.004457 0.000000 0.021534
            0.000000  0.531770  0.000000
 0.000000 0.000000 0.004520 0.000000 0.000000 0.000000 0.004520 0.000000 0.021665
            0.000000  0.536834  0.000000
 0.000000 0.000000 0.004549 0.000000 0.000000 0.000000 0.004579 0.000000 0.021785
            0.000000  0.541899  0.000000
 0.000000 0.000000 0.004578 0.000000 0.000000 0.000000 0.004631 0.000000 0.021893
            0.000000  0.546963  0.000000
 0.000000 0.000000 0.004606 0.000000 0.000000 0.000000 0.004678 0.000000 0.021989
            0.000000  0.552028  0.000000
 0.000000 0.000000 0.004631 0.000000 0.000000 0.000000 0.004718 0.000000 0.022071
            0.000000  0.557092  0.000000
 0.000000 0.000000 0.004654 0.000000 0.000000 0.000000 0.004752 0.000000 0.022139
            0.000000  0.562157  0.000000
 0.000000 0.000000 0.004672 0.000000 0.000000 0.000000 0.004778 0.000000 0.022193
            0.000000  0.567221  0.000000
 0.000000 0.000000 0.004686 0.000000 0.000000 0.000000 0.004797 0.000000 0.022231
            0.000000  0.572286  0.000000
 0.000000 0.000000 0.004694 0.000000 0.000000 0.000000 0.004809 0.000000 0.022255
            0.000000  0.577350  0.000000
 0.000000 0.000000 0.004697 0.000000 0.000000 0.000000 0.004813 0.000000 0.022263
