 &plot nbnd=   9, nks=   248 /
            0.333333  0.577350  0.000000
 0.017820 0.000000 0.000000 0.000000 0.000000 0.012651 0.000000 0.000000 0.000000
            0.330808  0.572976  0.000000
 0.017813 0.000000 0.000085 0.000000 0.000000 0.012628 0.000000 0.000002 0.001141
            0.328283  0.568603  0.000000
 0.017794 0.000000 0.000184 0.000000 0.000000 0.012568 0.000000 0.000039 0.002275
            0.325758  0.564229  0.000000
 0.017761 0.000000 0.000297 0.000000 0.000000 0.012471 0.000000 0.000099 0.003395
            0.323232  0.559855  0.000000
 0.017717 0.000000 0.000426 0.000000 0.000000 0.012339 0.000000 0.000168 0.004492
            0.320707  0.555481  0.000000
 0.017662 0.000000 0.000570 0.000000 0.000000 0.012175 0.000000 0.000237 0.005560
            0.318182  0.551107  0.000000
 0.017596 0.000000 0.000728 0.000000 0.000000 0.011985 0.000000 0.000300 0.006593
            0.315657  0.546733  0.000000
 0.017521 0.000000 0.000899 0.000000 0.000000 0.011772 0.000000 0.000355 0.007588
            0.313131  0.542359  0.000000
 0.017439 0.000000 0.001084 0.000000 0.000000 0.011543 0.000000 0.000403 0.008541
            0.310606  0.537985  0.000000
 0.017349 0.000000 0.001282 0.000000 0.000000 0.011303 0.000000 0.000445 0.009451
            0.308081  0.533612  0.000000
 0.017254 0.000000 0.001491 0.000000 0.000000 0.011056 0.000000 0.000482 0.010316
            0.305556  0.529238  0.000000
 0.017154 0.000000 0.001710 0.000000 0.000000 0.010808 0.000000 0.000517 0.011139
            0.303030  0.524864  0.000000
 0.017050 0.000000 0.001939 0.000000 0.000000 0.010563 0.000000 0.000552 0.011920
            0.300505  0.520490  0.000000
 0.016942 0.000000 0.002177 0.000000 0.000000 0.010323 0.000000 0.000588 0.012661
            0.297980  0.516116  0.000000
 0.016832 0.000000 0.002422 0.000000 0.000000 0.010091 0.000000 0.000628 0.013364
            0.295455  0.511742  0.000000
 0.016720 0.000000 0.002674 0.000000 0.000000 0.009870 0.000000 0.000674 0.014033
            0.292929  0.507368  0.000000
 0.016606 0.000000 0.002931 0.000000 0.000000 0.009661 0.000000 0.000725 0.014669
            0.290404  0.502995  0.000000
 0.016490 0.000000 0.003194 0.000000 0.000000 0.009464 0.000000 0.000785 0.015276
            0.287879  0.498621  0.000000
 0.016374 0.000000 0.003460 0.000000 0.000000 0.009279 0.000000 0.000851 0.015857
            0.285354  0.494247  0.000000
 0.016255 0.000000 0.003731 0.000000 0.000000 0.009107 0.000000 0.000926 0.016415
            0.282828  0.489873  0.000000
 0.016136 0.000000 0.004004 0.000000 0.000000 0.008946 0.000000 0.001008 0.016951
            0.280303  0.485499  0.000000
 0.016015 0.000000 0.004279 0.000000 0.000000 0.008796 0.000000 0.001101 0.017469
            0.277778  0.481125  0.000000
 0.015892 0.000000 0.004556 0.000000 0.000000 0.008655 0.000000 0.001204 0.017970
            0.275253  0.476751  0.000000
 0.015769 0.000000 0.004834 0.000000 0.000000 0.008522 0.000000 0.001320 0.018456
            0.272727  0.472377  0.000000
 0.015643 0.000000 0.005113 0.000000 0.000000 0.008396 0.000000 0.001452 0.018929
            0.270202  0.468004  0.000000
 0.015516 0.000000 0.005392 0.000000 0.000000 0.008276 0.000000 0.001603 0.019391
            0.267677  0.463630  0.000000
 0.015387 0.000000 0.005671 0.000000 0.000000 0.008160 0.000000 0.001776 0.019843
            0.265152  0.459256  0.000000
 0.015256 0.000000 0.005950 0.000000 0.000000 0.008047 0.000000 0.001973 0.020286
            0.262626  0.454882  0.000000
 0.015124 0.000000 0.006229 0.000000 0.000000 0.007936 0.000000 0.002197 0.020722
            0.260101  0.450508  0.000000
 0.014989 0.000000 0.006507 0.000000 0.000000 0.007827 0.000000 0.002447 0.021152
            0.257576  0.446134  0.000000
 0.014852 0.000000 0.006785 0.000000 0.000000 0.007719 0.000000 0.002723 0.021577
            0.255051  0.441760  0.000000
 0.014713 0.000000 0.007063 0.000000 0.000000 0.007612 0.000000 0.003024 0.021998
            0.252525  0.437387  0.000000
 0.014573 0.000000 0.007340 0.000000 0.000000 0.007505 0.000000 0.003346 0.022417
            0.250000  0.433013  0.000000
 0.014430 0.000000 0.007617 0.000000 0.000000 0.007400 0.000000 0.003687 0.022835
            0.247475  0.428639  0.000000
 0.014285 0.000000 0.007894 0.000000 0.000000 0.007296 0.000000 0.004042 0.023253
            0.244949  0.424265  0.000000
 0.014139 0.000000 0.008172 0.000000 0.000000 0.007193 0.000000 0.004407 0.023674
            0.242424  0.419891  0.000000
 0.013991 0.000000 0.008450 0.000000 0.000000 0.007093 0.000000 0.004776 0.024100
            0.239899  0.415517  0.000000
 0.013841 0.000000 0.008730 0.000000 0.000000 0.006995 0.000000 0.005146 0.024531
            0.237374  0.411143  0.000000
 0.013690 0.000000 0.009011 0.000000 0.000000 0.006900 0.000000 0.005510 0.024970
            0.234848  0.406770  0.000000
 0.013537 0.000000 0.009294 0.000000 0.000000 0.006809 0.000000 0.005865 0.025418
            0.232323  0.402396  0.000000
 0.013382 0.000000 0.009580 0.000000 0.000000 0.006722 0.000000 0.006206 0.025878
            0.229798  0.398022  0.000000
 0.013227 0.000000 0.009869 0.000000 0.000000 0.006638 0.000000 0.006531 0.026351
            0.227273  0.393648  0.000000
 0.013070 0.000000 0.010162 0.000000 0.000000 0.006559 0.000000 0.006836 0.026839
            0.224747  0.389274  0.000000
 0.012911 0.000000 0.010458 0.000000 0.000000 0.006484 0.000000 0.007122 0.027342
            0.222222  0.384900  0.000000
 0.012751 0.000000 0.010759 0.000000 0.000000 0.006412 0.000000 0.007385 0.027864
            0.219697  0.380526  0.000000
 0.012589 0.000000 0.011065 0.000000 0.000000 0.006343 0.000000 0.007629 0.028403
            0.217172  0.376152  0.000000
 0.012426 0.000000 0.011375 0.000000 0.000000 0.006275 0.000000 0.007853 0.028961
            0.214646  0.371779  0.000000
 0.012260 0.000000 0.011691 0.000000 0.000000 0.006209 0.000000 0.008060 0.029538
            0.212121  0.367405  0.000000
 0.012093 0.000000 0.012012 0.000000 0.000000 0.006141 0.000000 0.008253 0.030134
            0.209596  0.363031  0.000000
 0.011923 0.000000 0.012339 0.000000 0.000000 0.006071 0.000000 0.008438 0.030749
            0.207071  0.358657  0.000000
 0.011751 0.000000 0.012671 0.000000 0.000000 0.005997 0.000000 0.008618 0.031381
            0.204545  0.354283  0.000000
 0.011576 0.000000 0.013008 0.000000 0.000000 0.005917 0.000000 0.008800 0.032030
            0.202020  0.349909  0.000000
 0.011398 0.000000 0.013351 0.000000 0.000000 0.005829 0.000000 0.008989 0.032693
            0.199495  0.345535  0.000000
 0.011216 0.000000 0.013700 0.000000 0.000000 0.005731 0.000000 0.009192 0.033370
            0.196970  0.341162  0.000000
 0.011031 0.000000 0.014055 0.000000 0.000000 0.005621 0.000000 0.009417 0.034057
            0.194444  0.336788  0.000000
 0.010843 0.000000 0.014415 0.000000 0.000000 0.005498 0.000000 0.009670 0.034754
            0.191919  0.332414  0.000000
 0.010651 0.000000 0.014781 0.000000 0.000000 0.005361 0.000000 0.009958 0.035456
            0.189394  0.328040  0.000000
 0.010455 0.000000 0.015153 0.000000 0.000000 0.005207 0.000000 0.010290 0.036162
            0.186869  0.323666  0.000000
 0.010256 0.000000 0.015532 0.000000 0.000000 0.005037 0.000000 0.010672 0.036868
            0.184343  0.319292  0.000000
 0.010053 0.000000 0.015918 0.000000 0.000000 0.004850 0.000000 0.011113 0.037570
            0.181818  0.314918  0.000000
 0.009846 0.000000 0.016312 0.000000 0.000000 0.004646 0.000000 0.011618 0.038267
            0.179293  0.310544  0.000000
 0.009637 0.000000 0.016714 0.000000 0.000000 0.004427 0.000000 0.012196 0.038954
            0.176768  0.306171  0.000000
 0.009424 0.000000 0.017127 0.000000 0.000000 0.004192 0.000000 0.012853 0.039626
            0.174242  0.301797  0.000000
 0.009209 0.000000 0.017550 0.000000 0.000000 0.003944 0.000000 0.013595 0.040279
            0.171717  0.297423  0.000000
 0.008993 0.000000 0.017985 0.000000 0.000000 0.003686 0.000000 0.014430 0.040909
            0.169192  0.293049  0.000000
 0.008774 0.000000 0.018435 0.000000 0.000000 0.003418 0.000000 0.015365 0.041507
            0.166667  0.288675  0.000000
 0.008555 0.000000 0.018900 0.000000 0.000000 0.003145 0.000000 0.016409 0.042067
            0.164141  0.284301  0.000000
 0.008336 0.000000 0.019383 0.000000 0.000000 0.002870 0.000000 0.017573 0.042577
            0.161616  0.279927  0.000000
 0.008118 0.000000 0.019885 0.000000 0.000000 0.002596 0.000000 0.018872 0.043024
            0.159091  0.275554  0.000000
 0.007900 0.000000 0.020409 0.000000 0.000000 0.002327 0.000000 0.020325 0.043388
            0.156566  0.271180  0.000000
 0.007685 0.000000 0.020956 0.000000 0.000000 0.002065 0.000000 0.021958 0.043643
            0.154040  0.266806  0.000000
 0.007471 0.000000 0.021529 0.000000 0.000000 0.001815 0.000000 0.023807 0.043752
            0.151515  0.262432  0.000000
 0.007261 0.000000 0.022129 0.000000 0.000000 0.001580 0.000000 0.025913 0.043665
            0.148990  0.258058  0.000000
 0.007054 0.000000 0.022759 0.000000 0.000000 0.001363 0.000000 0.028326 0.043310
            0.146465  0.253684  0.000000
 0.006850 0.000000 0.023421 0.000000 0.000000 0.001165 0.000000 0.031092 0.042598
            0.143939  0.249310  0.000000
 0.006651 0.000000 0.024116 0.000000 0.000000 0.000989 0.000000 0.034239 0.041417
            0.141414  0.244936  0.000000
 0.006457 0.000000 0.024847 0.000000 0.000000 0.000835 0.000000 0.037744 0.039660
            0.138889  0.240563  0.000000
 0.006267 0.000000 0.025614 0.000000 0.000000 0.000705 0.000000 0.041499 0.037268
            0.136364  0.236189  0.000000
 0.006081 0.000000 0.026420 0.000000 0.000000 0.000599 0.000000 0.045303 0.034300
            0.133838  0.231815  0.000000
 0.005900 0.000000 0.027266 0.000000 0.000000 0.000516 0.000000 0.048915 0.030957
            0.131313  0.227441  0.000000
 0.005724 0.000000 0.028152 0.000000 0.000000 0.000454 0.000000 0.052151 0.027542
            0.128788  0.223067  0.000000
 0.005551 0.000000 0.029079 0.000000 0.000000 0.000413 0.000000 0.054943 0.024336
            0.126263  0.218693  0.000000
 0.005383 0.000000 0.030050 0.000000 0.000000 0.000391 0.000000 0.057330 0.021516
            0.123737  0.214319  0.000000
 0.005218 0.000000 0.031063 0.000000 0.000000 0.000385 0.000000 0.059399 0.019148
            0.121212  0.209946  0.000000
 0.005056 0.000000 0.032120 0.000000 0.000000 0.000391 0.000000 0.061243 0.017215
            0.118687  0.205572  0.000000
 0.004896 0.000000 0.033220 0.000000 0.000000 0.000406 0.000000 0.062939 0.015662
            0.116162  0.201198  0.000000
 0.004738 0.000000 0.034365 0.000000 0.000000 0.000425 0.000000 0.064544 0.014421
            0.113636  0.196824  0.000000
 0.004582 0.000000 0.035554 0.000000 0.000000 0.000444 0.000000 0.066100 0.013426
            0.111111  0.192450  0.000000
 0.004426 0.000000 0.036788 0.000000 0.000000 0.000458 0.000000 0.067633 0.012616
            0.108586  0.188076  0.000000
 0.004270 0.000000 0.038067 0.000000 0.000000 0.000463 0.000000 0.069163 0.011939
            0.106061  0.183702  0.000000
 0.004113 0.000000 0.039392 0.000000 0.000000 0.000455 0.000000 0.070702 0.011352
            0.103535  0.179328  0.000000
 0.003956 0.000000 0.040763 0.000000 0.000000 0.000431 0.000000 0.072260 0.010821
            0.101010  0.174955  0.000000
 0.003796 0.000000 0.042181 0.000000 0.000000 0.000388 0.000000 0.073842 0.010317
            0.098485  0.170581  0.000000
 0.003635 0.000000 0.043648 0.000000 0.000000 0.000324 0.000000 0.075454 0.009821
            0.095960  0.166207  0.000000
 0.003472 0.000000 0.045165 0.000000 0.000000 0.000238 0.000000 0.077099 0.009321
            0.093434  0.161833  0.000000
 0.003307 0.000000 0.046735 0.000000 0.000000 0.000131 0.000000 0.078779 0.008808
            0.090909  0.157459  0.000000
 0.003139 0.000000 0.048360 0.000000 0.000000 0.000056 0.000000 0.080498 0.008284
            0.088384  0.153085  0.000000
 0.002969 0.000000 0.050043 0.000000 0.000000 0.000185 0.000000 0.082256 0.007753
            0.085859  0.148711  0.000000
 0.002797 0.000000 0.051790 0.000000 0.000000 0.000363 0.000000 0.084058 0.007224
            0.083333  0.144338  0.000000
 0.002624 0.000000 0.053603 0.000000 0.000000 0.000562 0.000000 0.085904 0.006714
            0.080808  0.139964  0.000000
 0.002450 0.000000 0.055489 0.000000 0.000000 0.000779 0.000000 0.087798 0.006240
            0.078283  0.135590  0.000000
 0.002276 0.000000 0.057454 0.000000 0.000000 0.001009 0.000000 0.089744 0.005824
            0.075758  0.131216  0.000000
 0.002103 0.000000 0.059504 0.000000 0.000000 0.001246 0.000000 0.091745 0.005489
            0.073232  0.126842  0.000000
 0.001931 0.000000 0.061648 0.000000 0.000000 0.001488 0.000000 0.093806 0.005261
            0.070707  0.122468  0.000000
 0.001762 0.000000 0.063894 0.000000 0.000000 0.001727 0.000000 0.095932 0.005163
            0.068182  0.118094  0.000000
 0.001597 0.000000 0.066253 0.000000 0.000000 0.001959 0.000000 0.098132 0.005220
            0.065657  0.113721  0.000000
 0.001437 0.000000 0.068735 0.000000 0.000000 0.002178 0.000000 0.100412 0.005456
            0.063131  0.109347  0.000000
 0.001284 0.000000 0.071352 0.000000 0.000000 0.002378 0.000000 0.102784 0.005896
            0.060606  0.104973  0.000000
 0.001138 0.000000 0.074119 0.000000 0.000000 0.002556 0.000000 0.105259 0.006560
            0.058081  0.100599  0.000000
 0.001002 0.000000 0.077049 0.000000 0.000000 0.002705 0.000000 0.107851 0.007467
            0.055556  0.096225  0.000000
 0.000876 0.000000 0.080161 0.000000 0.000000 0.002823 0.000000 0.110574 0.008628
            0.053030  0.091851  0.000000
 0.000761 0.000000 0.083472 0.000000 0.000000 0.002906 0.000000 0.113447 0.010048
            0.050505  0.087477  0.000000
 0.000660 0.000000 0.087003 0.000000 0.000000 0.002951 0.000000 0.116489 0.011725
            0.047980  0.083103  0.000000
 0.000572 0.000000 0.090775 0.000000 0.000000 0.002957 0.000000 0.119719 0.013647
            0.045455  0.078730  0.000000
 0.000498 0.000000 0.094814 0.000000 0.000000 0.002925 0.000000 0.123160 0.015797
            0.042929  0.074356  0.000000
 0.000439 0.000000 0.099146 0.000000 0.000000 0.002854 0.000000 0.126833 0.018146
            0.040404  0.069982  0.000000
 0.000394 0.000000 0.103802 0.000000 0.000000 0.002747 0.000000 0.130763 0.020662
            0.037879  0.065608  0.000000
 0.000360 0.000000 0.108814 0.000000 0.000000 0.002607 0.000000 0.134970 0.023304
            0.035354  0.061234  0.000000
 0.000335 0.000000 0.114218 0.000000 0.000000 0.002437 0.000000 0.139476 0.026025
            0.032828  0.056860  0.000000
 0.000315 0.000000 0.120056 0.000000 0.000000 0.002243 0.000000 0.144301 0.028773
            0.030303  0.052486  0.000000
 0.000299 0.000000 0.126372 0.000000 0.000000 0.002030 0.000000 0.149462 0.031492
            0.027778  0.048113  0.000000
 0.000283 0.000000 0.133218 0.000000 0.000000 0.001803 0.000000 0.154975 0.034122
            0.025253  0.043739  0.000000
 0.000266 0.000000 0.140653 0.000000 0.000000 0.001570 0.000000 0.160852 0.036604
            0.022727  0.039365  0.000000
 0.000248 0.000000 0.148742 0.000000 0.000000 0.001335 0.000000 0.167102 0.038878
            0.020202  0.034991  0.000000
 0.000227 0.000000 0.157562 0.000000 0.000000 0.001106 0.000000 0.173729 0.040886
            0.017677  0.030617  0.000000
 0.000203 0.000000 0.167202 0.000000 0.000000 0.000889 0.000000 0.180734 0.042574
            0.015152  0.026243  0.000000
 0.000178 0.000000 0.177766 0.000000 0.000000 0.000688 0.000000 0.188117 0.043891
            0.012626  0.021869  0.000000
 0.000150 0.000000 0.189378 0.000000 0.000000 0.000508 0.000000 0.195870 0.044795
            0.010101  0.017495  0.000000
 0.000122 0.000000 0.202184 0.000000 0.000000 0.000354 0.000000 0.203984 0.045251
            0.007576  0.013122  0.000000
 0.000092 0.000000 0.216359 0.000000 0.000000 0.000228 0.000000 0.212444 0.045231
            0.005051  0.008748  0.000000
 0.000062 0.000000 0.232114 0.000000 0.000000 0.000130 0.000000 0.221229 0.044718
            0.002525  0.004374  0.000000
 0.000031 0.000000 0.249707 0.000000 0.000000 0.000057 0.000000 0.230313 0.043703
            0.000253  0.000437  0.000000
 0.000003 0.000000 0.267371 0.000000 0.000000 0.000005 0.000000 0.238713 0.042364
            0.000000  0.000506  0.000000
 0.000000 0.000000 0.267367 0.000000 0.000000 0.000000 0.000000 0.238715 0.042364
            0.000000  0.005064  0.000000
 0.000000 0.000000 0.249670 0.000000 0.000000 0.000000 0.000000 0.230330 0.043705
            0.000000  0.010129  0.000000
 0.000000 0.000000 0.232047 0.000000 0.000000 0.000000 0.000000 0.221260 0.044713
            0.000000  0.015193  0.000000
 0.000000 0.000000 0.216267 0.000000 0.000000 0.000000 0.000000 0.212485 0.045213
            0.000000  0.020258  0.000000
 0.000000 0.000000 0.202072 0.000000 0.000000 0.000000 0.000000 0.204029 0.045213
            0.000000  0.025322  0.000000
 0.000000 0.000000 0.189250 0.000000 0.000000 0.000000 0.000000 0.195914 0.044731
            0.000000  0.030387  0.000000
 0.000000 0.000000 0.177627 0.000000 0.000000 0.000000 0.000000 0.188154 0.043795
            0.000000  0.035451  0.000000
 0.000000 0.000000 0.167054 0.000000 0.000000 0.000000 0.000000 0.180760 0.042443
            0.000000  0.040516  0.000000
 0.000000 0.000000 0.157408 0.000000 0.000000 0.000000 0.000000 0.173737 0.040720
            0.000000  0.045580  0.000000
 0.000000 0.000000 0.148586 0.000000 0.000000 0.000000 0.000000 0.167091 0.038675
            0.000000  0.050645  0.000000
 0.000000 0.000000 0.140496 0.000000 0.000000 0.000000 0.000000 0.160820 0.036367
            0.000000  0.055709  0.000000
 0.000000 0.000000 0.133062 0.000000 0.000000 0.000000 0.000000 0.154920 0.033854
            0.000000  0.060774  0.000000
 0.000000 0.000000 0.126217 0.000000 0.000000 0.000000 0.000000 0.149385 0.031198
            0.000000  0.065838  0.000000
 0.000000 0.000000 0.119902 0.000000 0.000000 0.000000 0.000000 0.144202 0.028459
            0.000000  0.070903  0.000000
 0.000000 0.000000 0.114064 0.000000 0.000000 0.000000 0.000000 0.139359 0.025699
            0.000000  0.075967  0.000000
 0.000000 0.000000 0.108658 0.000000 0.000000 0.000000 0.000000 0.134837 0.022973
            0.000000  0.081032  0.000000
 0.000000 0.000000 0.103643 0.000000 0.000000 0.000000 0.000000 0.130617 0.020337
            0.000000  0.086096  0.000000
 0.000000 0.000000 0.098981 0.000000 0.000000 0.000000 0.000000 0.126678 0.017838
            0.000000  0.091161  0.000000
 0.000000 0.000000 0.094639 0.000000 0.000000 0.000000 0.000000 0.122997 0.015519
            0.000000  0.096225  0.000000
 0.000000 0.000000 0.090587 0.000000 0.000000 0.000000 0.000000 0.119550 0.013420
            0.000000  0.101290  0.000000
 0.000000 0.000000 0.086798 0.000000 0.000000 0.000000 0.000000 0.116314 0.011573
            0.000000  0.106354  0.000000
 0.000000 0.000000 0.083248 0.000000 0.000000 0.000000 0.000000 0.113267 0.010001
            0.000000  0.111418  0.000000
 0.000000 0.000000 0.079914 0.000000 0.000000 0.000000 0.000000 0.110387 0.008724
            0.000000  0.116483  0.000000
 0.000000 0.000000 0.076776 0.000000 0.000000 0.000000 0.000000 0.107655 0.007747
            0.000000  0.121547  0.000000
 0.000000 0.000000 0.073816 0.000000 0.000000 0.000000 0.000000 0.105052 0.007060
            0.000000  0.126612  0.000000
 0.000000 0.000000 0.071017 0.000000 0.000000 0.000000 0.000000 0.102562 0.006634
            0.000000  0.131676  0.000000
 0.000000 0.000000 0.068364 0.000000 0.000000 0.000000 0.000000 0.100172 0.006429
            0.000000  0.136741  0.000000
 0.000000 0.000000 0.065845 0.000000 0.000000 0.000000 0.000000 0.097871 0.006397
            0.000000  0.141805  0.000000
 0.000000 0.000000 0.063447 0.000000 0.000000 0.000000 0.000000 0.095648 0.006497
            0.000000  0.146870  0.000000
 0.000000 0.000000 0.061160 0.000000 0.000000 0.000000 0.000000 0.093495 0.006698
            0.000000  0.151934  0.000000
 0.000000 0.000000 0.058974 0.000000 0.000000 0.000000 0.000000 0.091406 0.006980
            0.000000  0.156999  0.000000
 0.000000 0.000000 0.056880 0.000000 0.000000 0.000000 0.000000 0.089376 0.007330
            0.000000  0.162063  0.000000
 0.000000 0.000000 0.054872 0.000000 0.000000 0.000000 0.000000 0.087399 0.007744
            0.000000  0.167128  0.000000
 0.000000 0.000000 0.052943 0.000000 0.000000 0.000000 0.000000 0.085472 0.008218
            0.000000  0.172192  0.000000
 0.000000 0.000000 0.051087 0.000000 0.000000 0.000000 0.000000 0.083590 0.008751
            0.000000  0.177257  0.000000
 0.000000 0.000000 0.049300 0.000000 0.000000 0.000000 0.000000 0.081750 0.009343
            0.000000  0.182321  0.000000
 0.000000 0.000000 0.047577 0.000000 0.000000 0.000000 0.000000 0.079948 0.009997
            0.000000  0.187386  0.000000
 0.000000 0.000000 0.045914 0.000000 0.000000 0.000000 0.000000 0.078177 0.010719
            0.000000  0.192450  0.000000
 0.000000 0.000000 0.044310 0.000000 0.000000 0.000000 0.000000 0.076433 0.011517
            0.000000  0.197515  0.000000
 0.000000 0.000000 0.042761 0.000000 0.000000 0.000000 0.000000 0.074708 0.012405
            0.000000  0.202579  0.000000
 0.000000 0.000000 0.041265 0.000000 0.000000 0.000000 0.000000 0.072991 0.013398
            0.000000  0.207644  0.000000
 0.000000 0.000000 0.039821 0.000000 0.000000 0.000000 0.000000 0.071272 0.014516
            0.000000  0.212708  0.000000
 0.000000 0.000000 0.038427 0.000000 0.000000 0.000000 0.000000 0.069534 0.015782
            0.000000  0.217772  0.000000
 0.000000 0.000000 0.037082 0.000000 0.000000 0.000000 0.000000 0.067758 0.017220
            0.000000  0.222837  0.000000
 0.000000 0.000000 0.035785 0.000000 0.000000 0.000000 0.000000 0.065920 0.018853
            0.000000  0.227901  0.000000
 0.000000 0.000000 0.034536 0.000000 0.000000 0.000000 0.000000 0.063989 0.020700
            0.000000  0.232966  0.000000
 0.000000 0.000000 0.033333 0.000000 0.000000 0.000000 0.000000 0.061932 0.022769
            0.000000  0.238030  0.000000
 0.000000 0.000000 0.032175 0.000000 0.000000 0.000000 0.000000 0.059713 0.025050
            0.000000  0.243095  0.000000
 0.000000 0.000000 0.031061 0.000000 0.000000 0.000000 0.000000 0.057303 0.027505
            0.000000  0.248159  0.000000
 0.000000 0.000000 0.029991 0.000000 0.000000 0.000000 0.000000 0.054689 0.030063
            0.000000  0.253224  0.000000
 0.000000 0.000000 0.028963 0.000000 0.000000 0.000000 0.000000 0.051888 0.032620
            0.000000  0.258288  0.000000
 0.000000 0.000000 0.027975 0.000000 0.000000 0.000000 0.000000 0.048950 0.035053
            0.000000  0.263353  0.000000
 0.000000 0.000000 0.027027 0.000000 0.000000 0.000000 0.000000 0.045961 0.037247
            0.000000  0.268417  0.000000
 0.000000 0.000000 0.026118 0.000000 0.000000 0.000000 0.000000 0.043021 0.039115
            0.000000  0.273482  0.000000
 0.000000 0.000000 0.025245 0.000000 0.000000 0.000000 0.000000 0.040221 0.040619
            0.000000  0.278546  0.000000
 0.000000 0.000000 0.024406 0.000000 0.000000 0.000000 0.000000 0.037630 0.041760
            0.000000  0.283611  0.000000
 0.000000 0.000000 0.023601 0.000000 0.000000 0.000000 0.000000 0.035288 0.042570
            0.000000  0.288675  0.000000
 0.000000 0.000000 0.022827 0.000000 0.000000 0.000000 0.000000 0.033207 0.043096
            0.000000  0.293740  0.000000
 0.000000 0.000000 0.022083 0.000000 0.000000 0.000000 0.000000 0.031380 0.043388
            0.000000  0.298804  0.000000
 0.000000 0.000000 0.021366 0.000000 0.000000 0.000000 0.000000 0.029792 0.043492
            0.000000  0.303869  0.000000
 0.000000 0.000000 0.020676 0.000000 0.000000 0.000000 0.000000 0.028419 0.043446
            0.000000  0.308933  0.000000
 0.000000 0.000000 0.020011 0.000000 0.000000 0.000000 0.000000 0.027239 0.043284
            0.000000  0.313998  0.000000
 0.000000 0.000000 0.019368 0.000000 0.000000 0.000000 0.000000 0.026230 0.043032
            0.000000  0.319062  0.000000
 0.000000 0.000000 0.018748 0.000000 0.000000 0.000000 0.000000 0.025373 0.042709
            0.000000  0.324126  0.000000
 0.000000 0.000000 0.018148 0.000000 0.000000 0.000000 0.000000 0.024648 0.042333
            0.000000  0.329191  0.000000
 0.000000 0.000000 0.017567 0.000000 0.000000 0.000000 0.000000 0.024041 0.041916
            0.000000  0.334255  0.000000
 0.000000 0.000000 0.017005 0.000000 0.000000 0.000000 0.000000 0.023538 0.041467
            0.000000  0.339320  0.000000
 0.000000 0.000000 0.016459 0.000000 0.000000 0.000000 0.000000 0.023127 0.040995
            0.000000  0.344384  0.000000
 0.000000 0.000000 0.015930 0.000000 0.000000 0.000000 0.000000 0.022797 0.040507
            0.000000  0.349449  0.000000
 0.000000 0.000000 0.015417 0.000000 0.000000 0.000000 0.000000 0.022540 0.040006
            0.000000  0.354513  0.000000
 0.000000 0.000000 0.014919 0.000000 0.000000 0.000000 0.000000 0.022348 0.039498
            0.000000  0.359578  0.000000
 0.000000 0.000000 0.014435 0.000000 0.000000 0.000000 0.000000 0.022213 0.038986
            0.000000  0.364642  0.000000
 0.000000 0.000000 0.013965 0.000000 0.000000 0.000000 0.000000 0.022130 0.038473
            0.000000  0.369707  0.000000
 0.000000 0.000000 0.013508 0.000000 0.000000 0.000000 0.000000 0.022093 0.037961
            0.000000  0.374771  0.000000
 0.000000 0.000000 0.013064 0.000000 0.000000 0.000000 0.000000 0.022098 0.037452
            0.000000  0.379836  0.000000
 0.000000 0.000000 0.012631 0.000000 0.000000 0.000000 0.000000 0.022140 0.036948
            0.000000  0.384900  0.000000
 0.000000 0.000000 0.012210 0.000000 0.000000 0.000000 0.000000 0.022216 0.036451
            0.000000  0.389965  0.000000
 0.000000 0.000000 0.011800 0.000000 0.000000 0.000000 0.000000 0.022323 0.035960
            0.000000  0.395029  0.000000
 0.000000 0.000000 0.011400 0.000000 0.000000 0.000000 0.000000 0.022458 0.035478
            0.000000  0.400094  0.000000
 0.000000 0.000000 0.011009 0.000000 0.000000 0.000000 0.000000 0.022619 0.035005
            0.000000  0.405158  0.000000
 0.000000 0.000000 0.010627 0.000000 0.000000 0.000000 0.000000 0.022803 0.034542
            0.000000  0.410223  0.000000
 0.000000 0.000000 0.010252 0.000000 0.000000 0.000000 0.000000 0.023008 0.034090
            0.000000  0.415287  0.000000
 0.000000 0.000000 0.009885 0.000000 0.000000 0.000000 0.000000 0.023232 0.033648
            0.000000  0.420352  0.000000
 0.000000 0.000000 0.009524 0.000000 0.000000 0.000000 0.000000 0.023474 0.033218
            0.000000  0.425416  0.000000
 0.000000 0.000000 0.009169 0.000000 0.000000 0.000000 0.000000 0.023731 0.032799
            0.000000  0.430480  0.000000
 0.000000 0.000000 0.008819 0.000000 0.000000 0.000000 0.000000 0.024002 0.032392
            0.000000  0.435545  0.000000
 0.000000 0.000000 0.008473 0.000000 0.000000 0.000000 0.000000 0.024284 0.031996
            0.000000  0.440609  0.000000
 0.000000 0.000000 0.008131 0.000000 0.000000 0.000000 0.000000 0.024575 0.031613
            0.000000  0.445674  0.000000
 0.000000 0.000000 0.007793 0.000000 0.000000 0.000000 0.000000 0.024874 0.031243
            0.000000  0.450738  0.000000
 0.000000 0.000000 0.007458 0.000000 0.000000 0.000000 0.000000 0.025179 0.030884
            0.000000  0.455803  0.000000
 0.000000 0.000000 0.007125 0.000000 0.000000 0.000000 0.000000 0.025487 0.030539
            0.000000  0.460867  0.000000
 0.000000 0.000000 0.006796 0.000000 0.000000 0.000000 0.000000 0.025796 0.030207
            0.000000  0.465932  0.000000
 0.000000 0.000000 0.006469 0.000000 0.000000 0.000000 0.000000 0.026105 0.029888
            0.000000  0.470996  0.000000
 0.000000 0.000000 0.006145 0.000000 0.000000 0.000000 0.000000 0.026412 0.029582
            0.000000  0.476061  0.000000
 0.000000 0.000000 0.005824 0.000000 0.000000 0.000000 0.000000 0.026714 0.029291
            0.000000  0.481125  0.000000
 0.000000 0.000000 0.005506 0.000000 0.000000 0.000000 0.000000 0.027010 0.029013
            0.000000  0.486190  0.000000
 0.000000 0.000000 0.005190 0.000000 0.000000 0.000000 0.000000 0.027299 0.028750
            0.000000  0.491254  0.000000
 0.000000 0.000000 0.004878 0.000000 0.000000 0.000000 0.000000 0.027579 0.028502
            0.000000  0.496319  0.000000
 0.000000 0.000000 0.004569 0.000000 0.000000 0.000000 0.000000 0.027849 0.028269
            0.000000  0.501383  0.000000
 0.000000 0.000000 0.004263 0.000000 0.000000 0.000000 0.000000 0.028107 0.028050
            0.000000  0.506448  0.000000
 0.000000 0.000000 0.003961 0.000000 0.000000 0.000000 0.000000 0.028353 0.027847
            0.000000  0.511512  0.000000
 0.000000 0.000000 0.003663 0.000000 0.000000 0.000000 0.000000 0.028586 0.027660
            0.000000  0.516577  0.000000
 0.000000 0.000000 0.003369 0.000000 0.000000 0.000000 0.000000 0.028804 0.027487
            0.000000  0.521641  0.000000
 0.000000 0.000000 0.003078 0.000000 0.000000 0.000000 0.000000 0.029007 0.027330
            0.000000  0.526706  0.000000
 0.000000 0.000000 0.002791 0.000000 0.000000 0.000000 0.000000 0.029195 0.027188
            0.000000  0.531770  0.000000
 0.000000 0.000000 0.002508 0.000000 0.000000 0.000000 0.000000 0.029367 0.027061
            0.000000  0.536834  0.000000
 0.000000 0.000000 0.002228 0.000000 0.000000 0.000000 0.000000 0.029522 0.026948
            0.000000  0.541899  0.000000
 0.000000 0.000000 0.001952 0.000000 0.000000 0.000000 0.000000 0.029660 0.026850
            0.000000  0.546963  0.000000
 0.000000 0.000000 0.001681 0.000000 0.000000 0.000000 0.000000 0.029780 0.026765
            0.000000  0.552028  0.000000
 0.000000 0.000000 0.001414 0.000000 0.000000 0.000000 0.000000 0.029882 0.026695
            0.000000  0.557092  0.000000
 0.000000 0.000000 0.001154 0.000000 0.000000 0.000000 0.000000 0.029967 0.026637
            0.000000  0.562157  0.000000
 0.000000 0.000000 0.000902 0.000000 0.000000 0.000000 0.000000 0.030032 0.026593
            0.000000  0.567221  0.000000
 0.000000 0.000000 0.000668 0.000000 0.000000 0.000000 0.000000 0.030080 0.026561
            0.000000  0.572286  0.000000
 0.000000 0.000000 0.000477 0.000000 0.000000 0.000000 0.000000 0.030108 0.026543
            0.000000  0.577350  0.000000
 0.000000 0.000000 0.000393 0.000000 0.000000 0.000000 0.000000 0.030117 0.026536
