 &plot nbnd=   9, nks=   248 /
            0.333333  0.577350  0.000000
 0.000000 0.000000 0.008321 0.000000 0.000000 0.000000 0.026804 0.000000 0.000000
            0.330808  0.572976  0.000000
 0.000000 0.000000 0.008302 0.000000 0.000189 0.001056 0.026790 0.000000 0.000398
            0.328283  0.568603  0.000000
 0.000000 0.000000 0.008253 0.000000 0.000338 0.002109 0.026753 0.000000 0.000811
            0.325758  0.564229  0.000000
 0.000000 0.000000 0.008176 0.000000 0.000447 0.003152 0.026693 0.000000 0.001237
            0.323232  0.559855  0.000000
 0.000000 0.000000 0.008071 0.000000 0.000520 0.004177 0.026609 0.000000 0.001673
            0.320707  0.555481  0.000000
 0.000000 0.000000 0.007943 0.000000 0.000561 0.005180 0.026504 0.000000 0.002119
            0.318182  0.551107  0.000000
 0.000000 0.000000 0.007794 0.000000 0.000574 0.006155 0.026379 0.000000 0.002572
            0.315657  0.546733  0.000000
 0.000000 0.000000 0.007627 0.000000 0.000562 0.007099 0.026235 0.000000 0.003029
            0.313131  0.542359  0.000000
 0.000000 0.000000 0.007446 0.000000 0.000529 0.008008 0.026076 0.000000 0.003490
            0.310606  0.537985  0.000000
 0.000000 0.000000 0.007255 0.000000 0.000480 0.008881 0.025902 0.000000 0.003952
            0.308081  0.533612  0.000000
 0.000000 0.000000 0.007057 0.000000 0.000419 0.009717 0.025717 0.000000 0.004413
            0.305556  0.529238  0.000000
 0.000000 0.000000 0.006857 0.000000 0.000348 0.010516 0.025522 0.000000 0.004871
            0.303030  0.524864  0.000000
 0.000000 0.000000 0.006658 0.000000 0.000275 0.011279 0.025320 0.000000 0.005325
            0.300505  0.520490  0.000000
 0.000000 0.000000 0.006462 0.000000 0.000208 0.012008 0.025112 0.000000 0.005774
            0.297980  0.516116  0.000000
 0.000000 0.000000 0.006271 0.000000 0.000171 0.012705 0.024900 0.000000 0.006217
            0.295455  0.511742  0.000000
 0.000000 0.000000 0.006088 0.000000 0.000193 0.013371 0.024685 0.000000 0.006652
            0.292929  0.507368  0.000000
 0.000000 0.000000 0.005913 0.000000 0.000264 0.014010 0.024469 0.000000 0.007078
            0.290404  0.502995  0.000000
 0.000000 0.000000 0.005748 0.000000 0.000361 0.014623 0.024253 0.000000 0.007496
            0.287879  0.498621  0.000000
 0.000000 0.000000 0.005592 0.000000 0.000471 0.015213 0.024038 0.000000 0.007904
            0.285354  0.494247  0.000000
 0.000000 0.000000 0.005447 0.000000 0.000589 0.015783 0.023824 0.000000 0.008303
            0.282828  0.489873  0.000000
 0.000000 0.000000 0.005310 0.000000 0.000716 0.016334 0.023611 0.000000 0.008691
            0.280303  0.485499  0.000000
 0.000000 0.000000 0.005183 0.000000 0.000853 0.016869 0.023400 0.000000 0.009069
            0.277778  0.481125  0.000000
 0.000000 0.000000 0.005063 0.000000 0.001001 0.017390 0.023190 0.000000 0.009436
            0.275253  0.476751  0.000000
 0.000000 0.000000 0.004950 0.000000 0.001164 0.017898 0.022982 0.000000 0.009793
            0.272727  0.472377  0.000000
 0.000000 0.000000 0.004844 0.000000 0.001344 0.018395 0.022775 0.000000 0.010140
            0.270202  0.468004  0.000000
 0.000000 0.000000 0.004742 0.000000 0.001545 0.018883 0.022569 0.000000 0.010477
            0.267677  0.463630  0.000000
 0.000000 0.000000 0.004644 0.000000 0.001769 0.019362 0.022363 0.000000 0.010804
            0.265152  0.459256  0.000000
 0.000000 0.000000 0.004548 0.000000 0.002019 0.019833 0.022158 0.000000 0.011122
            0.262626  0.454882  0.000000
 0.000000 0.000000 0.004456 0.000000 0.002296 0.020298 0.021952 0.000000 0.011431
            0.260101  0.450508  0.000000
 0.000000 0.000000 0.004364 0.000000 0.002600 0.020758 0.021746 0.000000 0.011731
            0.257576  0.446134  0.000000
 0.000000 0.000000 0.004274 0.000000 0.002931 0.021214 0.021539 0.000000 0.012025
            0.255051  0.441760  0.000000
 0.000000 0.000000 0.004185 0.000000 0.003286 0.021667 0.021331 0.000000 0.012311
            0.252525  0.437387  0.000000
 0.000000 0.000000 0.004097 0.000000 0.003664 0.022119 0.021123 0.000000 0.012592
            0.250000  0.433013  0.000000
 0.000000 0.000000 0.004010 0.000000 0.004061 0.022569 0.020913 0.000000 0.012869
            0.247475  0.428639  0.000000
 0.000000 0.000000 0.003924 0.000000 0.004472 0.023021 0.020702 0.000000 0.013142
            0.244949  0.424265  0.000000
 0.000000 0.000000 0.003840 0.000000 0.004893 0.023476 0.020490 0.000000 0.013414
            0.242424  0.419891  0.000000
 0.000000 0.000000 0.003757 0.000000 0.005320 0.023935 0.020278 0.000000 0.013685
            0.239899  0.415517  0.000000
 0.000000 0.000000 0.003677 0.000000 0.005748 0.024399 0.020065 0.000000 0.013957
            0.237374  0.411143  0.000000
 0.000000 0.000000 0.003600 0.000000 0.006173 0.024872 0.019852 0.000000 0.014231
            0.234848  0.406770  0.000000
 0.000000 0.000000 0.003525 0.000000 0.006589 0.025354 0.019639 0.000000 0.014510
            0.232323  0.402396  0.000000
 0.000000 0.000000 0.003455 0.000000 0.006994 0.025848 0.019426 0.000000 0.014794
            0.229798  0.398022  0.000000
 0.000000 0.000000 0.003388 0.000000 0.007384 0.026355 0.019214 0.000000 0.015084
            0.227273  0.393648  0.000000
 0.000000 0.000000 0.003324 0.000000 0.007757 0.026877 0.019001 0.000000 0.015382
            0.224747  0.389274  0.000000
 0.000000 0.000000 0.003264 0.000000 0.008113 0.027414 0.018789 0.000000 0.015689
            0.222222  0.384900  0.000000
 0.000000 0.000000 0.003208 0.000000 0.008450 0.027970 0.018577 0.000000 0.016005
            0.219697  0.380526  0.000000
 0.000000 0.000000 0.003154 0.000000 0.008769 0.028543 0.018364 0.000000 0.016331
            0.217172  0.376152  0.000000
 0.000000 0.000000 0.003101 0.000000 0.009072 0.029135 0.018150 0.000000 0.016668
            0.214646  0.371779  0.000000
 0.000000 0.000000 0.003050 0.000000 0.009362 0.029747 0.017934 0.000000 0.017016
            0.212121  0.367405  0.000000
 0.000000 0.000000 0.002998 0.000000 0.009643 0.030377 0.017716 0.000000 0.017375
            0.209596  0.363031  0.000000
 0.000000 0.000000 0.002945 0.000000 0.009920 0.031025 0.017493 0.000000 0.017745
            0.207071  0.358657  0.000000
 0.000000 0.000000 0.002889 0.000000 0.010197 0.031690 0.017267 0.000000 0.018125
            0.204545  0.354283  0.000000
 0.000000 0.000000 0.002829 0.000000 0.010482 0.032370 0.017034 0.000000 0.018516
            0.202020  0.349909  0.000000
 0.000000 0.000000 0.002762 0.000000 0.010780 0.033064 0.016794 0.000000 0.018916
            0.199495  0.345535  0.000000
 0.000000 0.000000 0.002688 0.000000 0.011101 0.033770 0.016545 0.000000 0.019325
            0.196970  0.341162  0.000000
 0.000000 0.000000 0.002605 0.000000 0.011451 0.034484 0.016287 0.000000 0.019742
            0.194444  0.336788  0.000000
 0.000000 0.000000 0.002511 0.000000 0.011838 0.035203 0.016018 0.000000 0.020168
            0.191919  0.332414  0.000000
 0.000000 0.000000 0.002406 0.000000 0.012273 0.035923 0.015737 0.000000 0.020601
            0.189394  0.328040  0.000000
 0.000000 0.000000 0.002287 0.000000 0.012763 0.036641 0.015444 0.000000 0.021042
            0.186869  0.323666  0.000000
 0.000000 0.000000 0.002156 0.000000 0.013318 0.037353 0.015137 0.000000 0.021491
            0.184343  0.319292  0.000000
 0.000000 0.000000 0.002012 0.000000 0.013947 0.038052 0.014817 0.000000 0.021947
            0.181818  0.314918  0.000000
 0.000000 0.000000 0.001854 0.000000 0.014659 0.038734 0.014484 0.000000 0.022413
            0.179293  0.310544  0.000000
 0.000000 0.000000 0.001683 0.000000 0.015464 0.039393 0.014138 0.000000 0.022889
            0.176768  0.306171  0.000000
 0.000000 0.000000 0.001501 0.000000 0.016371 0.040020 0.013779 0.000000 0.023376
            0.174242  0.301797  0.000000
 0.000000 0.000000 0.001309 0.000000 0.017390 0.040609 0.013409 0.000000 0.023876
            0.171717  0.297423  0.000000
 0.000000 0.000000 0.001108 0.000000 0.018531 0.041147 0.013029 0.000000 0.024392
            0.169192  0.293049  0.000000
 0.000000 0.000000 0.000901 0.000000 0.019804 0.041625 0.012642 0.000000 0.024926
            0.166667  0.288675  0.000000
 0.000000 0.000000 0.000691 0.000000 0.021223 0.042025 0.012248 0.000000 0.025481
            0.164141  0.284301  0.000000
 0.000000 0.000000 0.000481 0.000000 0.022799 0.042330 0.011851 0.000000 0.026061
            0.161616  0.279927  0.000000
 0.000000 0.000000 0.000273 0.000000 0.024550 0.042516 0.011453 0.000000 0.026668
            0.159091  0.275554  0.000000
 0.000000 0.000000 0.000081 0.000000 0.026491 0.042553 0.011056 0.000000 0.027307
            0.156566  0.271180  0.000000
 0.000000 0.000000 0.000141 0.000000 0.028641 0.042405 0.010663 0.000000 0.027981
            0.154040  0.266806  0.000000
 0.000000 0.000000 0.000322 0.000000 0.031012 0.042028 0.010277 0.000000 0.028694
            0.151515  0.262432  0.000000
 0.000000 0.000000 0.000492 0.000000 0.033613 0.041373 0.009900 0.000000 0.029449
            0.148990  0.258058  0.000000
 0.000000 0.000000 0.000648 0.000000 0.036437 0.040391 0.009535 0.000000 0.030249
            0.146465  0.253684  0.000000
 0.000000 0.000000 0.000786 0.000000 0.039452 0.039040 0.009182 0.000000 0.031098
            0.143939  0.249310  0.000000
 0.000000 0.000000 0.000904 0.000000 0.042598 0.037309 0.008845 0.000000 0.031999
            0.141414  0.244936  0.000000
 0.000000 0.000000 0.001002 0.000000 0.045786 0.035225 0.008525 0.000000 0.032954
            0.138889  0.240563  0.000000
 0.000000 0.000000 0.001079 0.000000 0.048914 0.032868 0.008221 0.000000 0.033965
            0.136364  0.236189  0.000000
 0.000000 0.000000 0.001134 0.000000 0.051887 0.030362 0.007935 0.000000 0.035033
            0.133838  0.231815  0.000000
 0.000000 0.000000 0.001169 0.000000 0.054646 0.027846 0.007667 0.000000 0.036161
            0.131313  0.227441  0.000000
 0.000000 0.000000 0.001185 0.000000 0.057169 0.025443 0.007416 0.000000 0.037347
            0.128788  0.223067  0.000000
 0.000000 0.000000 0.001182 0.000000 0.059471 0.023243 0.007180 0.000000 0.038593
            0.126263  0.218693  0.000000
 0.000000 0.000000 0.001164 0.000000 0.061588 0.021293 0.006959 0.000000 0.039898
            0.123737  0.214319  0.000000
 0.000000 0.000000 0.001133 0.000000 0.063564 0.019605 0.006751 0.000000 0.041260
            0.121212  0.209946  0.000000
 0.000000 0.000000 0.001091 0.000000 0.065440 0.018168 0.006552 0.000000 0.042680
            0.118687  0.205572  0.000000
 0.000000 0.000000 0.001043 0.000000 0.067252 0.016955 0.006361 0.000000 0.044155
            0.116162  0.201198  0.000000
 0.000000 0.000000 0.000991 0.000000 0.069029 0.015932 0.006174 0.000000 0.045683
            0.113636  0.196824  0.000000
 0.000000 0.000000 0.000939 0.000000 0.070795 0.015062 0.005989 0.000000 0.047263
            0.111111  0.192450  0.000000
 0.000000 0.000000 0.000890 0.000000 0.072567 0.014311 0.005802 0.000000 0.048894
            0.108586  0.188076  0.000000
 0.000000 0.000000 0.000848 0.000000 0.074359 0.013646 0.005610 0.000000 0.050573
            0.106061  0.183702  0.000000
 0.000000 0.000000 0.000816 0.000000 0.076180 0.013038 0.005411 0.000000 0.052300
            0.103535  0.179328  0.000000
 0.000000 0.000000 0.000796 0.000000 0.078038 0.012464 0.005201 0.000000 0.054074
            0.101010  0.174955  0.000000
 0.000000 0.000000 0.000791 0.000000 0.079939 0.011903 0.004979 0.000000 0.055895
            0.098485  0.170581  0.000000
 0.000000 0.000000 0.000804 0.000000 0.081888 0.011341 0.004742 0.000000 0.057763
            0.095960  0.166207  0.000000
 0.000000 0.000000 0.000834 0.000000 0.083889 0.010769 0.004489 0.000000 0.059680
            0.093434  0.161833  0.000000
 0.000000 0.000000 0.000885 0.000000 0.085945 0.010183 0.004219 0.000000 0.061649
            0.090909  0.157459  0.000000
 0.000000 0.000000 0.000955 0.000000 0.088059 0.009584 0.003932 0.000000 0.063673
            0.088384  0.153085  0.000000
 0.000000 0.000000 0.001045 0.000000 0.090236 0.008979 0.003628 0.000000 0.065756
            0.085859  0.148711  0.000000
 0.000000 0.000000 0.001152 0.000000 0.092477 0.008377 0.003309 0.000000 0.067903
            0.083333  0.144338  0.000000
 0.000000 0.000000 0.001276 0.000000 0.094788 0.007795 0.002977 0.000000 0.070122
            0.080808  0.139964  0.000000
 0.000000 0.000000 0.001413 0.000000 0.097172 0.007251 0.002634 0.000000 0.072420
            0.078283  0.135590  0.000000
 0.000000 0.000000 0.001561 0.000000 0.099634 0.006767 0.002284 0.000000 0.074805
            0.075758  0.131216  0.000000
 0.000000 0.000000 0.001716 0.000000 0.102180 0.006366 0.001930 0.000000 0.077288
            0.073232  0.126842  0.000000
 0.000000 0.000000 0.001874 0.000000 0.104817 0.006072 0.001577 0.000000 0.079879
            0.070707  0.122468  0.000000
 0.000000 0.000000 0.002031 0.000000 0.107554 0.005911 0.001231 0.000000 0.082590
            0.068182  0.118094  0.000000
 0.000000 0.000000 0.002183 0.000000 0.110399 0.005907 0.000899 0.000000 0.085432
            0.065657  0.113721  0.000000
 0.000000 0.000000 0.002325 0.000000 0.113366 0.006083 0.000596 0.000000 0.088420
            0.063131  0.109347  0.000000
 0.000000 0.000000 0.002452 0.000000 0.116467 0.006464 0.000365 0.000000 0.091566
            0.060606  0.104973  0.000000
 0.000000 0.000000 0.002562 0.000000 0.119720 0.007069 0.000326 0.000000 0.094886
            0.058081  0.100599  0.000000
 0.000000 0.000000 0.002650 0.000000 0.123143 0.007916 0.000485 0.000000 0.098394
            0.055556  0.096225  0.000000
 0.000000 0.000000 0.002713 0.000000 0.126758 0.009018 0.000688 0.000000 0.102105
            0.053030  0.091851  0.000000
 0.000000 0.000000 0.002748 0.000000 0.130589 0.010378 0.000881 0.000000 0.106035
            0.050505  0.087477  0.000000
 0.000000 0.000000 0.002755 0.000000 0.134665 0.011994 0.001047 0.000000 0.110199
            0.047980  0.083103  0.000000
 0.000000 0.000000 0.002731 0.000000 0.139016 0.013856 0.001181 0.000000 0.114612
            0.045455  0.078730  0.000000
 0.000000 0.000000 0.002677 0.000000 0.143676 0.015946 0.001280 0.000000 0.119292
            0.042929  0.074356  0.000000
 0.000000 0.000000 0.002593 0.000000 0.148680 0.018238 0.001345 0.000000 0.124253
            0.040404  0.069982  0.000000
 0.000000 0.000000 0.002482 0.000000 0.154069 0.020698 0.001374 0.000000 0.129511
            0.037879  0.065608  0.000000
 0.000000 0.000000 0.002345 0.000000 0.159882 0.023287 0.001371 0.000000 0.135084
            0.035354  0.061234  0.000000
 0.000000 0.000000 0.002186 0.000000 0.166166 0.025958 0.001336 0.000000 0.140987
            0.032828  0.056860  0.000000
 0.000000 0.000000 0.002008 0.000000 0.172964 0.028661 0.001274 0.000000 0.147237
            0.030303  0.052486  0.000000
 0.000000 0.000000 0.001817 0.000000 0.180328 0.031340 0.001187 0.000000 0.153854
            0.027778  0.048113  0.000000
 0.000000 0.000000 0.001616 0.000000 0.188309 0.033936 0.001081 0.000000 0.160857
            0.025253  0.043739  0.000000
 0.000000 0.000000 0.001410 0.000000 0.196962 0.036391 0.000960 0.000000 0.168267
            0.022727  0.039365  0.000000
 0.000000 0.000000 0.001205 0.000000 0.206348 0.038645 0.000829 0.000000 0.176111
            0.020202  0.034991  0.000000
 0.000000 0.000000 0.001006 0.000000 0.216534 0.040641 0.000694 0.000000 0.184415
            0.017677  0.030617  0.000000
 0.000000 0.000000 0.000816 0.000000 0.227595 0.042325 0.000560 0.000000 0.193211
            0.015152  0.026243  0.000000
 0.000000 0.000000 0.000641 0.000000 0.239619 0.043647 0.000431 0.000000 0.202538
            0.012626  0.021869  0.000000
 0.000000 0.000000 0.000484 0.000000 0.252707 0.044565 0.000313 0.000000 0.212438
            0.010101  0.017495  0.000000
 0.000000 0.000000 0.000348 0.000000 0.266981 0.045043 0.000209 0.000000 0.222961
            0.007576  0.013122  0.000000
 0.000000 0.000000 0.000234 0.000000 0.282588 0.045053 0.000125 0.000000 0.234168
            0.005051  0.008748  0.000000
 0.000000 0.000000 0.000141 0.000000 0.299708 0.044578 0.000062 0.000000 0.246127
            0.002525  0.004374  0.000000
 0.000000 0.000000 0.000065 0.000000 0.318566 0.043610 0.000021 0.000000 0.258920
            0.000253  0.000437  0.000000
 0.000000 0.000000 0.000006 0.000000 0.337252 0.042317 0.000002 0.000000 0.271225
            0.000000  0.000506  0.000000
 0.000000 0.000000 0.000000 0.000000 0.337251 0.042318 0.000000 0.000000 0.271221
            0.000000  0.005064  0.000000
 0.000000 0.000000 0.000000 0.000000 0.318556 0.043611 0.000000 0.000000 0.258883
            0.000000  0.010129  0.000000
 0.000000 0.000000 0.000000 0.000000 0.299693 0.044574 0.000000 0.000000 0.246056
            0.000000  0.015193  0.000000
 0.000000 0.000000 0.000000 0.000000 0.282569 0.045036 0.000000 0.000000 0.234067
            0.000000  0.020258  0.000000
 0.000000 0.000000 0.000000 0.000000 0.266958 0.045005 0.000000 0.000000 0.222835
            0.000000  0.025322  0.000000
 0.000000 0.000000 0.000000 0.000000 0.252678 0.044501 0.000000 0.000000 0.212291
            0.000000  0.030387  0.000000
 0.000000 0.000000 0.000000 0.000000 0.239581 0.043552 0.000000 0.000000 0.202377
            0.000000  0.035451  0.000000
 0.000000 0.000000 0.000000 0.000000 0.227545 0.042195 0.000000 0.000000 0.193041
            0.000000  0.040516  0.000000
 0.000000 0.000000 0.000000 0.000000 0.216469 0.040476 0.000000 0.000000 0.184239
            0.000000  0.045580  0.000000
 0.000000 0.000000 0.000000 0.000000 0.206266 0.038444 0.000000 0.000000 0.175934
            0.000000  0.050645  0.000000
 0.000000 0.000000 0.000000 0.000000 0.196862 0.036156 0.000000 0.000000 0.168093
            0.000000  0.055709  0.000000
 0.000000 0.000000 0.000000 0.000000 0.188190 0.033671 0.000000 0.000000 0.160686
            0.000000  0.060774  0.000000
 0.000000 0.000000 0.000000 0.000000 0.180191 0.031049 0.000000 0.000000 0.153687
            0.000000  0.065838  0.000000
 0.000000 0.000000 0.000000 0.000000 0.172810 0.028351 0.000000 0.000000 0.147074
            0.000000  0.070903  0.000000
 0.000000 0.000000 0.000000 0.000000 0.165996 0.025636 0.000000 0.000000 0.140825
            0.000000  0.075967  0.000000
 0.000000 0.000000 0.000000 0.000000 0.159699 0.022959 0.000000 0.000000 0.134921
            0.000000  0.081032  0.000000
 0.000000 0.000000 0.000000 0.000000 0.153874 0.020374 0.000000 0.000000 0.129343
            0.000000  0.086096  0.000000
 0.000000 0.000000 0.000000 0.000000 0.148477 0.017926 0.000000 0.000000 0.124073
            0.000000  0.091161  0.000000
 0.000000 0.000000 0.000000 0.000000 0.143465 0.015658 0.000000 0.000000 0.119095
            0.000000  0.096225  0.000000
 0.000000 0.000000 0.000000 0.000000 0.138799 0.013606 0.000000 0.000000 0.114392
            0.000000  0.101290  0.000000
 0.000000 0.000000 0.000000 0.000000 0.134443 0.011800 0.000000 0.000000 0.109948
            0.000000  0.106354  0.000000
 0.000000 0.000000 0.000000 0.000000 0.130361 0.010260 0.000000 0.000000 0.105747
            0.000000  0.111418  0.000000
 0.000000 0.000000 0.000000 0.000000 0.126522 0.009003 0.000000 0.000000 0.101774
            0.000000  0.116483  0.000000
 0.000000 0.000000 0.000000 0.000000 0.122899 0.008029 0.000000 0.000000 0.098013
            0.000000  0.121547  0.000000
 0.000000 0.000000 0.000000 0.000000 0.119466 0.007331 0.000000 0.000000 0.094449
            0.000000  0.126612  0.000000
 0.000000 0.000000 0.000000 0.000000 0.116201 0.006882 0.000000 0.000000 0.091068
            0.000000  0.131676  0.000000
 0.000000 0.000000 0.000000 0.000000 0.113085 0.006648 0.000000 0.000000 0.087855
            0.000000  0.136741  0.000000
 0.000000 0.000000 0.000000 0.000000 0.110101 0.006590 0.000000 0.000000 0.084796
            0.000000  0.141805  0.000000
 0.000000 0.000000 0.000000 0.000000 0.107236 0.006673 0.000000 0.000000 0.081879
            0.000000  0.146870  0.000000
 0.000000 0.000000 0.000000 0.000000 0.104479 0.006869 0.000000 0.000000 0.079091
            0.000000  0.151934  0.000000
 0.000000 0.000000 0.000000 0.000000 0.101820 0.007159 0.000000 0.000000 0.076421
            0.000000  0.156999  0.000000
 0.000000 0.000000 0.000000 0.000000 0.099250 0.007528 0.000000 0.000000 0.073859
            0.000000  0.162063  0.000000
 0.000000 0.000000 0.000000 0.000000 0.096764 0.007969 0.000000 0.000000 0.071394
            0.000000  0.167128  0.000000
 0.000000 0.000000 0.000000 0.000000 0.094356 0.008474 0.000000 0.000000 0.069019
            0.000000  0.172192  0.000000
 0.000000 0.000000 0.000000 0.000000 0.092019 0.009038 0.000000 0.000000 0.066725
            0.000000  0.177257  0.000000
 0.000000 0.000000 0.000000 0.000000 0.089750 0.009657 0.000000 0.000000 0.064506
            0.000000  0.182321  0.000000
 0.000000 0.000000 0.000000 0.000000 0.087542 0.010330 0.000000 0.000000 0.062357
            0.000000  0.187386  0.000000
 0.000000 0.000000 0.000000 0.000000 0.085391 0.011058 0.000000 0.000000 0.060274
            0.000000  0.192450  0.000000
 0.000000 0.000000 0.000000 0.000000 0.083291 0.011843 0.000000 0.000000 0.058251
            0.000000  0.197515  0.000000
 0.000000 0.000000 0.000000 0.000000 0.081234 0.012694 0.000000 0.000000 0.056288
            0.000000  0.202579  0.000000
 0.000000 0.000000 0.000000 0.000000 0.079214 0.013621 0.000000 0.000000 0.054381
            0.000000  0.207644  0.000000
 0.000000 0.000000 0.000000 0.000000 0.077219 0.014635 0.000000 0.000000 0.052529
            0.000000  0.212708  0.000000
 0.000000 0.000000 0.000000 0.000000 0.075241 0.015754 0.000000 0.000000 0.050731
            0.000000  0.217772  0.000000
 0.000000 0.000000 0.000000 0.000000 0.073263 0.016991 0.000000 0.000000 0.048987
            0.000000  0.222837  0.000000
 0.000000 0.000000 0.000000 0.000000 0.071272 0.018365 0.000000 0.000000 0.047297
            0.000000  0.227901  0.000000
 0.000000 0.000000 0.000000 0.000000 0.069246 0.019890 0.000000 0.000000 0.045661
            0.000000  0.232966  0.000000
 0.000000 0.000000 0.000000 0.000000 0.067165 0.021575 0.000000 0.000000 0.044078
            0.000000  0.238030  0.000000
 0.000000 0.000000 0.000000 0.000000 0.065004 0.023423 0.000000 0.000000 0.042549
            0.000000  0.243095  0.000000
 0.000000 0.000000 0.000000 0.000000 0.062740 0.025423 0.000000 0.000000 0.041074
            0.000000  0.248159  0.000000
 0.000000 0.000000 0.000000 0.000000 0.060353 0.027548 0.000000 0.000000 0.039653
            0.000000  0.253224  0.000000
 0.000000 0.000000 0.000000 0.000000 0.057834 0.029751 0.000000 0.000000 0.038284
            0.000000  0.258288  0.000000
 0.000000 0.000000 0.000000 0.000000 0.055189 0.031965 0.000000 0.000000 0.036968
            0.000000  0.263353  0.000000
 0.000000 0.000000 0.000000 0.000000 0.052444 0.034109 0.000000 0.000000 0.035704
            0.000000  0.268417  0.000000
 0.000000 0.000000 0.000000 0.000000 0.049646 0.036104 0.000000 0.000000 0.034490
            0.000000  0.273482  0.000000
 0.000000 0.000000 0.000000 0.000000 0.046856 0.037878 0.000000 0.000000 0.033325
            0.000000  0.278546  0.000000
 0.000000 0.000000 0.000000 0.000000 0.044139 0.039385 0.000000 0.000000 0.032206
            0.000000  0.283611  0.000000
 0.000000 0.000000 0.000000 0.000000 0.041555 0.040604 0.000000 0.000000 0.031133
            0.000000  0.288675  0.000000
 0.000000 0.000000 0.000000 0.000000 0.039147 0.041539 0.000000 0.000000 0.030102
            0.000000  0.293740  0.000000
 0.000000 0.000000 0.000000 0.000000 0.036943 0.042212 0.000000 0.000000 0.029111
            0.000000  0.298804  0.000000
 0.000000 0.000000 0.000000 0.000000 0.034952 0.042654 0.000000 0.000000 0.028159
            0.000000  0.303869  0.000000
 0.000000 0.000000 0.000000 0.000000 0.033175 0.042898 0.000000 0.000000 0.027242
            0.000000  0.308933  0.000000
 0.000000 0.000000 0.000000 0.000000 0.031602 0.042979 0.000000 0.000000 0.026359
            0.000000  0.313998  0.000000
 0.000000 0.000000 0.000000 0.000000 0.030221 0.042926 0.000000 0.000000 0.025506
            0.000000  0.319062  0.000000
 0.000000 0.000000 0.000000 0.000000 0.029014 0.042765 0.000000 0.000000 0.024683
            0.000000  0.324126  0.000000
 0.000000 0.000000 0.000000 0.000000 0.027967 0.042517 0.000000 0.000000 0.023886
            0.000000  0.329191  0.000000
 0.000000 0.000000 0.000000 0.000000 0.027064 0.042201 0.000000 0.000000 0.023115
            0.000000  0.334255  0.000000
 0.000000 0.000000 0.000000 0.000000 0.026290 0.041831 0.000000 0.000000 0.022367
            0.000000  0.339320  0.000000
 0.000000 0.000000 0.000000 0.000000 0.025631 0.041420 0.000000 0.000000 0.021641
            0.000000  0.344384  0.000000
 0.000000 0.000000 0.000000 0.000000 0.025076 0.040975 0.000000 0.000000 0.020936
            0.000000  0.349449  0.000000
 0.000000 0.000000 0.000000 0.000000 0.024613 0.040507 0.000000 0.000000 0.020252
            0.000000  0.354513  0.000000
 0.000000 0.000000 0.000000 0.000000 0.024233 0.040021 0.000000 0.000000 0.019586
            0.000000  0.359578  0.000000
 0.000000 0.000000 0.000000 0.000000 0.023926 0.039522 0.000000 0.000000 0.018939
            0.000000  0.364642  0.000000
 0.000000 0.000000 0.000000 0.000000 0.023686 0.039015 0.000000 0.000000 0.018309
            0.000000  0.369707  0.000000
 0.000000 0.000000 0.000000 0.000000 0.023504 0.038504 0.000000 0.000000 0.017697
            0.000000  0.374771  0.000000
 0.000000 0.000000 0.000000 0.000000 0.023376 0.037992 0.000000 0.000000 0.017102
            0.000000  0.379836  0.000000
 0.000000 0.000000 0.000000 0.000000 0.023296 0.037481 0.000000 0.000000 0.016522
            0.000000  0.384900  0.000000
 0.000000 0.000000 0.000000 0.000000 0.023259 0.036974 0.000000 0.000000 0.015958
            0.000000  0.389965  0.000000
 0.000000 0.000000 0.000000 0.000000 0.023262 0.036472 0.000000 0.000000 0.015409
            0.000000  0.395029  0.000000
 0.000000 0.000000 0.000000 0.000000 0.023300 0.035977 0.000000 0.000000 0.014874
            0.000000  0.400094  0.000000
 0.000000 0.000000 0.000000 0.000000 0.023372 0.035490 0.000000 0.000000 0.014352
            0.000000  0.405158  0.000000
 0.000000 0.000000 0.000000 0.000000 0.023473 0.035012 0.000000 0.000000 0.013843
            0.000000  0.410223  0.000000
 0.000000 0.000000 0.000000 0.000000 0.023603 0.034545 0.000000 0.000000 0.013345
            0.000000  0.415287  0.000000
 0.000000 0.000000 0.000000 0.000000 0.023757 0.034088 0.000000 0.000000 0.012858
            0.000000  0.420352  0.000000
 0.000000 0.000000 0.000000 0.000000 0.023935 0.033642 0.000000 0.000000 0.012381
            0.000000  0.425416  0.000000
 0.000000 0.000000 0.000000 0.000000 0.024133 0.033208 0.000000 0.000000 0.011912
            0.000000  0.430480  0.000000
 0.000000 0.000000 0.000000 0.000000 0.024350 0.032786 0.000000 0.000000 0.011451
            0.000000  0.435545  0.000000
 0.000000 0.000000 0.000000 0.000000 0.024584 0.032377 0.000000 0.000000 0.010996
            0.000000  0.440609  0.000000
 0.000000 0.000000 0.000000 0.000000 0.024832 0.031980 0.000000 0.000000 0.010548
            0.000000  0.445674  0.000000
 0.000000 0.000000 0.000000 0.000000 0.025091 0.031596 0.000000 0.000000 0.010104
            0.000000  0.450738  0.000000
 0.000000 0.000000 0.000000 0.000000 0.025360 0.031226 0.000000 0.000000 0.009665
            0.000000  0.455803  0.000000
 0.000000 0.000000 0.000000 0.000000 0.025636 0.030869 0.000000 0.000000 0.009230
            0.000000  0.460867  0.000000
 0.000000 0.000000 0.000000 0.000000 0.025918 0.030525 0.000000 0.000000 0.008799
            0.000000  0.465932  0.000000
 0.000000 0.000000 0.000000 0.000000 0.026201 0.030196 0.000000 0.000000 0.008372
            0.000000  0.470996  0.000000
 0.000000 0.000000 0.000000 0.000000 0.026485 0.029881 0.000000 0.000000 0.007947
            0.000000  0.476061  0.000000
 0.000000 0.000000 0.000000 0.000000 0.026768 0.029580 0.000000 0.000000 0.007526
            0.000000  0.481125  0.000000
 0.000000 0.000000 0.000000 0.000000 0.027046 0.029293 0.000000 0.000000 0.007109
            0.000000  0.486190  0.000000
 0.000000 0.000000 0.000000 0.000000 0.027319 0.029022 0.000000 0.000000 0.006696
            0.000000  0.491254  0.000000
 0.000000 0.000000 0.000000 0.000000 0.027585 0.028765 0.000000 0.000000 0.006287
            0.000000  0.496319  0.000000
 0.000000 0.000000 0.000000 0.000000 0.027842 0.028524 0.000000 0.000000 0.005882
            0.000000  0.501383  0.000000
 0.000000 0.000000 0.000000 0.000000 0.028088 0.028298 0.000000 0.000000 0.005482
            0.000000  0.506448  0.000000
 0.000000 0.000000 0.000000 0.000000 0.028323 0.028087 0.000000 0.000000 0.005087
            0.000000  0.511512  0.000000
 0.000000 0.000000 0.000000 0.000000 0.028545 0.027892 0.000000 0.000000 0.004697
            0.000000  0.516577  0.000000
 0.000000 0.000000 0.000000 0.000000 0.028754 0.027712 0.000000 0.000000 0.004313
            0.000000  0.521641  0.000000
 0.000000 0.000000 0.000000 0.000000 0.028948 0.027548 0.000000 0.000000 0.003935
            0.000000  0.526706  0.000000
 0.000000 0.000000 0.000000 0.000000 0.029128 0.027399 0.000000 0.000000 0.003563
            0.000000  0.531770  0.000000
 0.000000 0.000000 0.000000 0.000000 0.029292 0.027265 0.000000 0.000000 0.003197
            0.000000  0.536834  0.000000
 0.000000 0.000000 0.000000 0.000000 0.029440 0.027145 0.000000 0.000000 0.002836
            0.000000  0.541899  0.000000
 0.000000 0.000000 0.000000 0.000000 0.029571 0.027041 0.000000 0.000000 0.002482
            0.000000  0.546963  0.000000
 0.000000 0.000000 0.000000 0.000000 0.029685 0.026951 0.000000 0.000000 0.002134
            0.000000  0.552028  0.000000
 0.000000 0.000000 0.000000 0.000000 0.029783 0.026875 0.000000 0.000000 0.001793
            0.000000  0.557092  0.000000
 0.000000 0.000000 0.000000 0.000000 0.029863 0.026814 0.000000 0.000000 0.001461
            0.000000  0.562157  0.000000
 0.000000 0.000000 0.000000 0.000000 0.029925 0.026766 0.000000 0.000000 0.001141
            0.000000  0.567221  0.000000
 0.000000 0.000000 0.000000 0.000000 0.029970 0.026732 0.000000 0.000000 0.000845
            0.000000  0.572286  0.000000
 0.000000 0.000000 0.000000 0.000000 0.029997 0.026712 0.000000 0.000000 0.000602
            0.000000  0.577350  0.000000
 0.000000 0.000000 0.000000 0.000000 0.030006 0.026705 0.000000 0.000000 0.000495
