 &plot nbnd=   9, nks=   248 /
            0.333333  0.577350  0.000000
 0.000000 0.000000 0.000000 0.007729 0.000000 0.000000 0.032936 0.000000 0.000000
            0.330808  0.572976  0.000000
 0.000435 0.000012 0.000007 0.007703 0.000011 0.002078 0.023359 0.000017 0.023243
            0.328283  0.568603  0.000000
 0.000847 0.000023 0.000014 0.007628 0.000021 0.004146 0.023318 0.000033 0.023292
            0.325758  0.564229  0.000000
 0.001235 0.000035 0.000022 0.007508 0.000029 0.006187 0.023267 0.000047 0.023336
            0.323232  0.559855  0.000000
 0.001598 0.000047 0.000030 0.007347 0.000035 0.008186 0.023195 0.000058 0.023390
            0.320707  0.555481  0.000000
 0.001936 0.000057 0.000038 0.007148 0.000039 0.010130 0.023103 0.000065 0.023454
            0.318182  0.551107  0.000000
 0.002250 0.000067 0.000045 0.006916 0.000040 0.012009 0.022993 0.000069 0.023528
            0.315657  0.546733  0.000000
 0.002539 0.000076 0.000051 0.006655 0.000040 0.013816 0.022869 0.000068 0.023614
            0.313131  0.542359  0.000000
 0.002804 0.000082 0.000056 0.006368 0.000037 0.015544 0.022734 0.000065 0.023709
            0.310606  0.537985  0.000000
 0.003047 0.000087 0.000059 0.006060 0.000033 0.017193 0.022591 0.000060 0.023815
            0.308081  0.533612  0.000000
 0.003267 0.000089 0.000062 0.005732 0.000029 0.018762 0.022445 0.000058 0.023932
            0.305556  0.529238  0.000000
 0.003465 0.000090 0.000063 0.005390 0.000024 0.020252 0.022296 0.000063 0.024060
            0.303030  0.524864  0.000000
 0.003641 0.000090 0.000064 0.005037 0.000020 0.021666 0.022149 0.000076 0.024201
            0.300505  0.520490  0.000000
 0.003793 0.000089 0.000064 0.004676 0.000016 0.023009 0.022004 0.000097 0.024357
            0.297980  0.516116  0.000000
 0.003922 0.000089 0.000065 0.004312 0.000014 0.024286 0.021863 0.000122 0.024529
            0.295455  0.511742  0.000000
 0.004026 0.000091 0.000067 0.003950 0.000014 0.025502 0.021728 0.000148 0.024721
            0.292929  0.507368  0.000000
 0.004104 0.000094 0.000070 0.003597 0.000013 0.026663 0.021599 0.000174 0.024935
            0.290404  0.502995  0.000000
 0.004155 0.000099 0.000074 0.003260 0.000012 0.027775 0.021476 0.000198 0.025175
            0.287879  0.498621  0.000000
 0.004179 0.000105 0.000080 0.002943 0.000012 0.028845 0.021359 0.000219 0.025442
            0.285354  0.494247  0.000000
 0.004175 0.000111 0.000086 0.002656 0.000011 0.029880 0.021249 0.000236 0.025741
            0.282828  0.489873  0.000000
 0.004144 0.000116 0.000093 0.002402 0.000013 0.030884 0.021143 0.000248 0.026074
            0.280303  0.485499  0.000000
 0.004085 0.000119 0.000099 0.002187 0.000017 0.031864 0.021042 0.000255 0.026443
            0.277778  0.481125  0.000000
 0.004001 0.000121 0.000105 0.002014 0.000022 0.032826 0.020945 0.000255 0.026851
            0.275253  0.476751  0.000000
 0.003893 0.000119 0.000108 0.001883 0.000027 0.033774 0.020851 0.000250 0.027299
            0.272727  0.472377  0.000000
 0.003761 0.000115 0.000109 0.001793 0.000033 0.034714 0.020758 0.000239 0.027789
            0.270202  0.468004  0.000000
 0.003608 0.000109 0.000107 0.001742 0.000037 0.035650 0.020666 0.000223 0.028320
            0.267677  0.463630  0.000000
 0.003437 0.000101 0.000102 0.001726 0.000040 0.036586 0.020573 0.000202 0.028892
            0.265152  0.459256  0.000000
 0.003249 0.000090 0.000095 0.001745 0.000041 0.037525 0.020478 0.000177 0.029505
            0.262626  0.454882  0.000000
 0.003049 0.000077 0.000084 0.001799 0.000040 0.038471 0.020381 0.000149 0.030157
            0.260101  0.450508  0.000000
 0.002840 0.000063 0.000071 0.001890 0.000037 0.039424 0.020281 0.000118 0.030846
            0.257576  0.446134  0.000000
 0.002626 0.000048 0.000056 0.002019 0.000031 0.040389 0.020177 0.000087 0.031570
            0.255051  0.441760  0.000000
 0.002412 0.000032 0.000038 0.002189 0.000023 0.041364 0.020070 0.000057 0.032327
            0.252525  0.437387  0.000000
 0.002201 0.000016 0.000020 0.002397 0.000012 0.042353 0.019957 0.000027 0.033112
            0.250000  0.433013  0.000000
 0.001999 0.000000 0.000000 0.002639 0.000000 0.043355 0.019840 0.000000 0.033922
            0.247475  0.428639  0.000000
 0.001809 0.000015 0.000021 0.002911 0.000014 0.044372 0.019719 0.000024 0.034753
            0.244949  0.424265  0.000000
 0.001634 0.000029 0.000042 0.003203 0.000028 0.045403 0.019593 0.000043 0.035603
            0.242424  0.419891  0.000000
 0.001478 0.000041 0.000063 0.003509 0.000043 0.046449 0.019462 0.000058 0.036467
            0.239899  0.415517  0.000000
 0.001342 0.000051 0.000084 0.003820 0.000058 0.047511 0.019327 0.000068 0.037343
            0.237374  0.411143  0.000000
 0.001226 0.000058 0.000106 0.004127 0.000072 0.048588 0.019189 0.000072 0.038228
            0.234848  0.406770  0.000000
 0.001128 0.000062 0.000126 0.004422 0.000085 0.049682 0.019046 0.000072 0.039121
            0.232323  0.402396  0.000000
 0.001047 0.000063 0.000146 0.004699 0.000096 0.050793 0.018900 0.000069 0.040020
            0.229798  0.398022  0.000000
 0.000979 0.000061 0.000165 0.004952 0.000106 0.051922 0.018750 0.000066 0.040925
            0.227273  0.393648  0.000000
 0.000922 0.000058 0.000182 0.005176 0.000113 0.053072 0.018597 0.000068 0.041838
            0.224747  0.389274  0.000000
 0.000874 0.000053 0.000197 0.005370 0.000119 0.054245 0.018440 0.000081 0.042761
            0.222222  0.384900  0.000000
 0.000836 0.000049 0.000209 0.005532 0.000123 0.055442 0.018280 0.000102 0.043697
            0.219697  0.380526  0.000000
 0.000808 0.000047 0.000219 0.005663 0.000126 0.056666 0.018117 0.000131 0.044651
            0.217172  0.376152  0.000000
 0.000791 0.000050 0.000224 0.005765 0.000128 0.057920 0.017950 0.000164 0.045627
            0.214646  0.371779  0.000000
 0.000788 0.000056 0.000226 0.005844 0.000129 0.059206 0.017780 0.000199 0.046630
            0.212121  0.367405  0.000000
 0.000798 0.000065 0.000225 0.005905 0.000130 0.060529 0.017606 0.000233 0.047668
            0.209596  0.363031  0.000000
 0.000819 0.000075 0.000220 0.005954 0.000131 0.061891 0.017427 0.000266 0.048747
            0.207071  0.358657  0.000000
 0.000848 0.000083 0.000211 0.006002 0.000131 0.063294 0.017244 0.000297 0.049872
            0.204545  0.354283  0.000000
 0.000878 0.000091 0.000200 0.006055 0.000132 0.064742 0.017056 0.000322 0.051051
            0.202020  0.349909  0.000000
 0.000906 0.000096 0.000186 0.006124 0.000132 0.066237 0.016863 0.000343 0.052289
            0.199495  0.345535  0.000000
 0.000923 0.000100 0.000170 0.006216 0.000130 0.067781 0.016664 0.000357 0.053591
            0.196970  0.341162  0.000000
 0.000927 0.000101 0.000154 0.006343 0.000128 0.069377 0.016458 0.000365 0.054963
            0.194444  0.336788  0.000000
 0.000910 0.000100 0.000136 0.006511 0.000124 0.071024 0.016247 0.000366 0.056408
            0.191919  0.332414  0.000000
 0.000872 0.000097 0.000119 0.006730 0.000118 0.072726 0.016028 0.000359 0.057929
            0.189394  0.328040  0.000000
 0.000809 0.000093 0.000101 0.007008 0.000111 0.074481 0.015802 0.000345 0.059529
            0.186869  0.323666  0.000000
 0.000721 0.000087 0.000085 0.007352 0.000101 0.076290 0.015569 0.000324 0.061209
            0.184343  0.319292  0.000000
 0.000610 0.000080 0.000070 0.007768 0.000090 0.078154 0.015329 0.000296 0.062970
            0.181818  0.314918  0.000000
 0.000483 0.000071 0.000056 0.008264 0.000078 0.080070 0.015081 0.000263 0.064812
            0.179293  0.310544  0.000000
 0.000359 0.000062 0.000044 0.008842 0.000065 0.082038 0.014826 0.000225 0.066736
            0.176768  0.306171  0.000000
 0.000294 0.000051 0.000033 0.009504 0.000051 0.084057 0.014564 0.000183 0.068740
            0.174242  0.301797  0.000000
 0.000366 0.000039 0.000023 0.010252 0.000037 0.086124 0.014296 0.000138 0.070824
            0.171717  0.297423  0.000000
 0.000541 0.000027 0.000015 0.011081 0.000024 0.088238 0.014021 0.000092 0.072986
            0.169192  0.293049  0.000000
 0.000760 0.000014 0.000007 0.011988 0.000011 0.090395 0.013741 0.000045 0.075226
            0.166667  0.288675  0.000000
 0.000998 0.000000 0.000000 0.012964 0.000000 0.092593 0.013456 0.000000 0.077542
            0.164141  0.284301  0.000000
 0.001242 0.000014 0.000007 0.014003 0.000011 0.094831 0.013166 0.000043 0.079933
            0.161616  0.279927  0.000000
 0.001484 0.000028 0.000013 0.015094 0.000019 0.097105 0.012871 0.000082 0.082399
            0.159091  0.275554  0.000000
 0.001716 0.000040 0.000018 0.016227 0.000026 0.099414 0.012573 0.000116 0.084941
            0.156566  0.271180  0.000000
 0.001933 0.000052 0.000023 0.017393 0.000032 0.101756 0.012271 0.000145 0.087558
            0.154040  0.266806  0.000000
 0.002129 0.000063 0.000028 0.018582 0.000035 0.104131 0.011966 0.000168 0.090253
            0.151515  0.262432  0.000000
 0.002302 0.000071 0.000032 0.019786 0.000038 0.106540 0.011659 0.000184 0.093028
            0.148990  0.258058  0.000000
 0.002446 0.000077 0.000036 0.021000 0.000039 0.108982 0.011349 0.000194 0.095886
            0.146465  0.253684  0.000000
 0.002560 0.000081 0.000040 0.022220 0.000040 0.111461 0.011038 0.000197 0.098832
            0.143939  0.249310  0.000000
 0.002642 0.000082 0.000043 0.023447 0.000042 0.113978 0.010727 0.000194 0.101870
            0.141414  0.244936  0.000000
 0.002692 0.000080 0.000047 0.024683 0.000044 0.116538 0.010416 0.000185 0.105006
            0.138889  0.240563  0.000000
 0.002711 0.000075 0.000051 0.025937 0.000047 0.119145 0.010107 0.000170 0.108246
            0.136364  0.236189  0.000000
 0.002701 0.000068 0.000057 0.027221 0.000053 0.121803 0.009801 0.000152 0.111595
            0.133838  0.231815  0.000000
 0.002664 0.000058 0.000063 0.028550 0.000060 0.124516 0.009501 0.000130 0.115061
            0.131313  0.227441  0.000000
 0.002604 0.000045 0.000071 0.029947 0.000068 0.127288 0.009206 0.000106 0.118647
            0.128788  0.223067  0.000000
 0.002525 0.000031 0.000079 0.031439 0.000077 0.130122 0.008920 0.000082 0.122358
            0.126263  0.218693  0.000000
 0.002434 0.000016 0.000088 0.033057 0.000087 0.133019 0.008642 0.000058 0.126197
            0.123737  0.214319  0.000000
 0.002333 0.000002 0.000097 0.034836 0.000095 0.135978 0.008374 0.000038 0.130166
            0.121212  0.209946  0.000000
 0.002230 0.000018 0.000106 0.036819 0.000103 0.138994 0.008116 0.000029 0.134266
            0.118687  0.205572  0.000000
 0.002127 0.000034 0.000115 0.039048 0.000110 0.142060 0.007867 0.000036 0.138494
            0.116162  0.201198  0.000000
 0.002029 0.000050 0.000122 0.041571 0.000114 0.145165 0.007627 0.000050 0.142848
            0.113636  0.196824  0.000000
 0.001939 0.000064 0.000127 0.044437 0.000117 0.148294 0.007393 0.000064 0.147322
            0.111111  0.192450  0.000000
 0.001859 0.000076 0.000130 0.047695 0.000118 0.151425 0.007166 0.000075 0.151911
            0.108586  0.188076  0.000000
 0.001790 0.000086 0.000132 0.051392 0.000116 0.154534 0.006940 0.000083 0.156607
            0.106061  0.183702  0.000000
 0.001735 0.000092 0.000130 0.055575 0.000111 0.157592 0.006716 0.000087 0.161403
            0.103535  0.179328  0.000000
 0.001694 0.000096 0.000126 0.060282 0.000104 0.160565 0.006489 0.000088 0.166290
            0.101010  0.174955  0.000000
 0.001671 0.000095 0.000119 0.065546 0.000095 0.163416 0.006257 0.000085 0.171261
            0.098485  0.170581  0.000000
 0.001668 0.000090 0.000109 0.071391 0.000084 0.166107 0.006020 0.000079 0.176307
            0.095960  0.166207  0.000000
 0.001689 0.000082 0.000096 0.077826 0.000071 0.168599 0.005774 0.000071 0.181422
            0.093434  0.161833  0.000000
 0.001737 0.000071 0.000081 0.084852 0.000057 0.170854 0.005519 0.000060 0.186600
            0.090909  0.157459  0.000000
 0.001816 0.000056 0.000063 0.092453 0.000042 0.172841 0.005253 0.000046 0.191835
            0.088384  0.153085  0.000000
 0.001926 0.000039 0.000043 0.100600 0.000027 0.174533 0.004978 0.000032 0.197125
            0.085859  0.148711  0.000000
 0.002064 0.000020 0.000022 0.109252 0.000013 0.175915 0.004694 0.000016 0.202466
            0.083333  0.144338  0.000000
 0.002228 0.000000 0.000000 0.118357 0.000000 0.176983 0.004400 0.000000 0.207859
            0.080808  0.139964  0.000000
 0.002411 0.000020 0.000022 0.127856 0.000010 0.177747 0.004099 0.000016 0.213303
            0.078283  0.135590  0.000000
 0.002607 0.000040 0.000044 0.137686 0.000019 0.178230 0.003791 0.000031 0.218799
            0.075758  0.131216  0.000000
 0.002809 0.000058 0.000065 0.147786 0.000023 0.178469 0.003478 0.000045 0.224351
            0.073232  0.126842  0.000000
 0.003009 0.000073 0.000084 0.158098 0.000024 0.178512 0.003163 0.000057 0.229960
            0.070707  0.122468  0.000000
 0.003199 0.000085 0.000099 0.168576 0.000021 0.178417 0.002846 0.000067 0.235629
            0.068182  0.118094  0.000000
 0.003375 0.000094 0.000111 0.179184 0.000013 0.178246 0.002529 0.000075 0.241360
            0.065657  0.113721  0.000000
 0.003529 0.000099 0.000119 0.189900 0.000005 0.178065 0.002214 0.000079 0.247156
            0.063131  0.109347  0.000000
 0.003656 0.000100 0.000121 0.200718 0.000020 0.177939 0.001904 0.000082 0.253016
            0.060606  0.104973  0.000000
 0.003752 0.000096 0.000119 0.211647 0.000043 0.177928 0.001601 0.000085 0.258937
            0.058081  0.100599  0.000000
 0.003813 0.000088 0.000111 0.222710 0.000071 0.178087 0.001307 0.000089 0.264914
            0.055556  0.096225  0.000000
 0.003837 0.000075 0.000098 0.233946 0.000103 0.178460 0.001026 0.000099 0.270938
            0.053030  0.091851  0.000000
 0.003823 0.000059 0.000082 0.245406 0.000139 0.179083 0.000765 0.000117 0.276995
            0.050505  0.087477  0.000000
 0.003770 0.000038 0.000063 0.257152 0.000178 0.179976 0.000534 0.000145 0.283064
            0.047980  0.083103  0.000000
 0.003679 0.000016 0.000044 0.269254 0.000219 0.181148 0.000357 0.000181 0.289122
            0.045455  0.078730  0.000000
 0.003552 0.000018 0.000033 0.281789 0.000262 0.182593 0.000291 0.000225 0.295136
            0.042929  0.074356  0.000000
 0.003392 0.000045 0.000040 0.294838 0.000305 0.184289 0.000353 0.000276 0.301068
            0.040404  0.069982  0.000000
 0.003203 0.000075 0.000059 0.308482 0.000349 0.186202 0.000464 0.000332 0.306873
            0.037879  0.065608  0.000000
 0.002988 0.000104 0.000081 0.322798 0.000391 0.188282 0.000570 0.000391 0.312503
            0.035354  0.061234  0.000000
 0.002753 0.000132 0.000101 0.337858 0.000430 0.190466 0.000655 0.000451 0.317900
            0.032828  0.056860  0.000000
 0.002501 0.000157 0.000119 0.353723 0.000467 0.192679 0.000712 0.000509 0.323005
            0.030303  0.052486  0.000000
 0.002240 0.000179 0.000134 0.370442 0.000498 0.194840 0.000740 0.000563 0.327757
            0.027778  0.048113  0.000000
 0.001974 0.000195 0.000144 0.388047 0.000523 0.196857 0.000740 0.000611 0.332091
            0.025253  0.043739  0.000000
 0.001708 0.000205 0.000150 0.406552 0.000539 0.198638 0.000716 0.000649 0.335947
            0.022727  0.039365  0.000000
 0.001447 0.000209 0.000152 0.425952 0.000546 0.200088 0.000671 0.000673 0.339263
            0.020202  0.034991  0.000000
 0.001198 0.000206 0.000149 0.446222 0.000541 0.201114 0.000611 0.000681 0.341988
            0.017677  0.030617  0.000000
 0.000963 0.000196 0.000141 0.467317 0.000523 0.201630 0.000539 0.000671 0.344076
            0.015152  0.026243  0.000000
 0.000746 0.000180 0.000129 0.489176 0.000491 0.201555 0.000462 0.000639 0.345491
            0.012626  0.021869  0.000000
 0.000552 0.000158 0.000114 0.511723 0.000443 0.200822 0.000383 0.000584 0.346209
            0.010101  0.017495  0.000000
 0.000384 0.000131 0.000095 0.534870 0.000381 0.199372 0.000305 0.000507 0.346222
            0.007576  0.013122  0.000000
 0.000243 0.000100 0.000074 0.558518 0.000304 0.197166 0.000228 0.000407 0.345535
            0.005051  0.008748  0.000000
 0.000131 0.000067 0.000051 0.582570 0.000213 0.194175 0.000153 0.000287 0.344166
            0.002525  0.004374  0.000000
 0.000050 0.000033 0.000026 0.606923 0.000111 0.190392 0.000078 0.000150 0.342150
            0.000253  0.000437  0.000000
 0.000004 0.000003 0.000003 0.629019 0.000011 0.186313 0.000008 0.000015 0.339819
            0.000000  0.000506  0.000000
 0.000006 0.000002 0.000003 0.629017 0.000005 0.186312 0.000003 0.000005 0.339817
            0.000000  0.005064  0.000000
 0.000060 0.000027 0.000032 0.606896 0.000044 0.190376 0.000035 0.000044 0.342130
            0.000000  0.010129  0.000000
 0.000115 0.000055 0.000064 0.582504 0.000082 0.194141 0.000078 0.000080 0.344126
            0.000000  0.015193  0.000000
 0.000162 0.000084 0.000093 0.558403 0.000112 0.197109 0.000127 0.000107 0.345472
            0.000000  0.020258  0.000000
 0.000202 0.000112 0.000121 0.534693 0.000134 0.199290 0.000181 0.000126 0.346135
            0.000000  0.025322  0.000000
 0.000234 0.000138 0.000144 0.511477 0.000148 0.200713 0.000238 0.000136 0.346096
            0.000000  0.030387  0.000000
 0.000256 0.000161 0.000164 0.488854 0.000153 0.201420 0.000295 0.000139 0.345348
            0.000000  0.035451  0.000000
 0.000270 0.000180 0.000179 0.466917 0.000150 0.201470 0.000350 0.000136 0.343901
            0.000000  0.040516  0.000000
 0.000276 0.000195 0.000189 0.445745 0.000141 0.200933 0.000397 0.000130 0.341778
            0.000000  0.045580  0.000000
 0.000274 0.000203 0.000193 0.425406 0.000127 0.199891 0.000435 0.000123 0.339015
            0.000000  0.050645  0.000000
 0.000265 0.000206 0.000191 0.405948 0.000112 0.198432 0.000460 0.000118 0.335658
            0.000000  0.055709  0.000000
 0.000250 0.000202 0.000185 0.387401 0.000098 0.196651 0.000470 0.000116 0.331761
            0.000000  0.060774  0.000000
 0.000229 0.000192 0.000172 0.369773 0.000088 0.194642 0.000464 0.000114 0.327385
            0.000000  0.065838  0.000000
 0.000204 0.000177 0.000156 0.353053 0.000081 0.192499 0.000440 0.000112 0.322593
            0.000000  0.070903  0.000000
 0.000175 0.000155 0.000135 0.337210 0.000076 0.190312 0.000399 0.000106 0.317450
            0.000000  0.075967  0.000000
 0.000143 0.000130 0.000111 0.322197 0.000071 0.188163 0.000342 0.000096 0.312018
            0.000000  0.081032  0.000000
 0.000108 0.000100 0.000084 0.307951 0.000062 0.186122 0.000270 0.000080 0.306357
            0.000000  0.086096  0.000000
 0.000073 0.000068 0.000056 0.294399 0.000048 0.184250 0.000187 0.000058 0.300522
            0.000000  0.091161  0.000000
 0.000036 0.000034 0.000028 0.281460 0.000027 0.182594 0.000096 0.000032 0.294562
            0.000000  0.096225  0.000000
 0.000000 0.000000 0.000000 0.269050 0.000000 0.181184 0.000000 0.000000 0.288519
            0.000000  0.101290  0.000000
 0.000036 0.000033 0.000026 0.257084 0.000033 0.180038 0.000097 0.000034 0.282431
            0.000000  0.106354  0.000000
 0.000070 0.000065 0.000050 0.245483 0.000070 0.179157 0.000192 0.000070 0.276326
            0.000000  0.111418  0.000000
 0.000102 0.000094 0.000071 0.234173 0.000110 0.178527 0.000281 0.000105 0.270227
            0.000000  0.116483  0.000000
 0.000131 0.000119 0.000088 0.223091 0.000152 0.178124 0.000361 0.000138 0.264151
            0.000000  0.121547  0.000000
 0.000157 0.000139 0.000102 0.212186 0.000193 0.177908 0.000430 0.000169 0.258110
            0.000000  0.126612  0.000000
 0.000179 0.000155 0.000111 0.201421 0.000230 0.177831 0.000484 0.000194 0.252112
            0.000000  0.131676  0.000000
 0.000195 0.000166 0.000116 0.190774 0.000264 0.177837 0.000524 0.000214 0.246162
            0.000000  0.136741  0.000000
 0.000207 0.000171 0.000117 0.180239 0.000290 0.177866 0.000547 0.000227 0.240261
            0.000000  0.141805  0.000000
 0.000213 0.000171 0.000115 0.169826 0.000309 0.177853 0.000554 0.000233 0.234410
            0.000000  0.146870  0.000000
 0.000213 0.000166 0.000109 0.159560 0.000319 0.177736 0.000545 0.000233 0.228607
            0.000000  0.151934  0.000000
 0.000206 0.000157 0.000101 0.149479 0.000319 0.177458 0.000521 0.000225 0.222852
            0.000000  0.156999  0.000000
 0.000195 0.000143 0.000091 0.139630 0.000308 0.176968 0.000483 0.000211 0.217144
            0.000000  0.162063  0.000000
 0.000177 0.000126 0.000079 0.130069 0.000287 0.176226 0.000433 0.000190 0.211483
            0.000000  0.167128  0.000000
 0.000155 0.000107 0.000066 0.120853 0.000257 0.175205 0.000372 0.000165 0.205868
            0.000000  0.172192  0.000000
 0.000129 0.000086 0.000052 0.112040 0.000218 0.173890 0.000304 0.000135 0.200303
            0.000000  0.177257  0.000000
 0.000099 0.000064 0.000038 0.103680 0.000171 0.172279 0.000230 0.000103 0.194789
            0.000000  0.182321  0.000000
 0.000067 0.000042 0.000025 0.095817 0.000117 0.170385 0.000153 0.000069 0.189330
            0.000000  0.187386  0.000000
 0.000034 0.000020 0.000012 0.088483 0.000060 0.168229 0.000076 0.000034 0.183932
            0.000000  0.192450  0.000000
 0.000000 0.000000 0.000000 0.081698 0.000000 0.165838 0.000000 0.000000 0.178600
            0.000000  0.197515  0.000000
 0.000033 0.000018 0.000011 0.075470 0.000060 0.163248 0.000071 0.000032 0.173341
            0.000000  0.202579  0.000000
 0.000065 0.000034 0.000022 0.069795 0.000118 0.160496 0.000137 0.000061 0.168162
            0.000000  0.207644  0.000000
 0.000094 0.000047 0.000032 0.064660 0.000173 0.157619 0.000194 0.000086 0.163072
            0.000000  0.212708  0.000000
 0.000121 0.000057 0.000041 0.060042 0.000222 0.154653 0.000242 0.000106 0.158077
            0.000000  0.217772  0.000000
 0.000143 0.000063 0.000049 0.055911 0.000264 0.151631 0.000280 0.000122 0.153185
            0.000000  0.222837  0.000000
 0.000162 0.000067 0.000057 0.052232 0.000298 0.148584 0.000307 0.000132 0.148402
            0.000000  0.227901  0.000000
 0.000175 0.000068 0.000064 0.048969 0.000322 0.145538 0.000324 0.000137 0.143736
            0.000000  0.232966  0.000000
 0.000184 0.000067 0.000069 0.046082 0.000336 0.142512 0.000329 0.000138 0.139190
            0.000000  0.238030  0.000000
 0.000187 0.000063 0.000073 0.043533 0.000340 0.139524 0.000324 0.000134 0.134768
            0.000000  0.243095  0.000000
 0.000185 0.000058 0.000075 0.041284 0.000335 0.136588 0.000311 0.000126 0.130474
            0.000000  0.248159  0.000000
 0.000179 0.000051 0.000076 0.039298 0.000319 0.133712 0.000289 0.000114 0.126307
            0.000000  0.253224  0.000000
 0.000167 0.000043 0.000074 0.037545 0.000295 0.130902 0.000260 0.000101 0.122269
            0.000000  0.258288  0.000000
 0.000151 0.000035 0.000070 0.035992 0.000264 0.128162 0.000226 0.000086 0.118356
            0.000000  0.263353  0.000000
 0.000131 0.000027 0.000063 0.034614 0.000226 0.125492 0.000189 0.000070 0.114568
            0.000000  0.268417  0.000000
 0.000109 0.000020 0.000054 0.033388 0.000183 0.122892 0.000150 0.000054 0.110900
            0.000000  0.273482  0.000000
 0.000083 0.000013 0.000043 0.032295 0.000138 0.120361 0.000110 0.000039 0.107349
            0.000000  0.278546  0.000000
 0.000056 0.000008 0.000030 0.031316 0.000091 0.117895 0.000071 0.000024 0.103910
            0.000000  0.283611  0.000000
 0.000028 0.000003 0.000015 0.030439 0.000045 0.115491 0.000034 0.000011 0.100578
            0.000000  0.288675  0.000000
 0.000000 0.000000 0.000000 0.029653 0.000001 0.113147 0.000000 0.000000 0.097349
            0.000000  0.293740  0.000000
 0.000027 0.000003 0.000015 0.028948 0.000040 0.110860 0.000030 0.000010 0.094217
            0.000000  0.298804  0.000000
 0.000053 0.000005 0.000030 0.028319 0.000076 0.108626 0.000055 0.000018 0.091178
            0.000000  0.303869  0.000000
 0.000076 0.000007 0.000044 0.027760 0.000106 0.106444 0.000076 0.000024 0.088227
            0.000000  0.308933  0.000000
 0.000096 0.000010 0.000057 0.027266 0.000130 0.104312 0.000092 0.000030 0.085361
            0.000000  0.313998  0.000000
 0.000113 0.000013 0.000067 0.026836 0.000147 0.102229 0.000103 0.000034 0.082575
            0.000000  0.319062  0.000000
 0.000126 0.000017 0.000075 0.026466 0.000157 0.100195 0.000110 0.000038 0.079868
            0.000000  0.324126  0.000000
 0.000134 0.000021 0.000080 0.026155 0.000160 0.098209 0.000113 0.000042 0.077236
            0.000000  0.329191  0.000000
 0.000139 0.000025 0.000083 0.025900 0.000157 0.096271 0.000113 0.000044 0.074676
            0.000000  0.334255  0.000000
 0.000140 0.000028 0.000082 0.025700 0.000148 0.094382 0.000110 0.000046 0.072186
            0.000000  0.339320  0.000000
 0.000136 0.000031 0.000079 0.025554 0.000135 0.092542 0.000105 0.000048 0.069765
            0.000000  0.344384  0.000000
 0.000129 0.000032 0.000074 0.025458 0.000119 0.090752 0.000099 0.000048 0.067411
            0.000000  0.349449  0.000000
 0.000119 0.000033 0.000066 0.025411 0.000100 0.089012 0.000091 0.000047 0.065122
            0.000000  0.354513  0.000000
 0.000106 0.000032 0.000057 0.025411 0.000081 0.087321 0.000083 0.000045 0.062897
            0.000000  0.359578  0.000000
 0.000090 0.000029 0.000048 0.025454 0.000061 0.085681 0.000073 0.000041 0.060734
            0.000000  0.364642  0.000000
 0.000073 0.000026 0.000037 0.025537 0.000043 0.084091 0.000061 0.000035 0.058631
            0.000000  0.369707  0.000000
 0.000055 0.000021 0.000027 0.025657 0.000028 0.082549 0.000049 0.000028 0.056588
            0.000000  0.374771  0.000000
 0.000036 0.000015 0.000017 0.025811 0.000015 0.081055 0.000034 0.000020 0.054601
            0.000000  0.379836  0.000000
 0.000018 0.000008 0.000008 0.025996 0.000006 0.079609 0.000018 0.000010 0.052670
            0.000000  0.384900  0.000000
 0.000000 0.000000 0.000000 0.026206 0.000000 0.078207 0.000000 0.000000 0.050792
            0.000000  0.389965  0.000000
 0.000017 0.000008 0.000007 0.026439 0.000003 0.076850 0.000019 0.000011 0.048966
            0.000000  0.395029  0.000000
 0.000032 0.000017 0.000015 0.026691 0.000005 0.075535 0.000039 0.000023 0.047189
            0.000000  0.400094  0.000000
 0.000045 0.000025 0.000022 0.026958 0.000010 0.074261 0.000060 0.000034 0.045460
            0.000000  0.405158  0.000000
 0.000057 0.000033 0.000031 0.027235 0.000017 0.073025 0.000080 0.000045 0.043776
            0.000000  0.410223  0.000000
 0.000066 0.000040 0.000040 0.027520 0.000027 0.071828 0.000099 0.000055 0.042136
            0.000000  0.415287  0.000000
 0.000073 0.000046 0.000050 0.027810 0.000037 0.070666 0.000116 0.000064 0.040537
            0.000000  0.420352  0.000000
 0.000077 0.000051 0.000061 0.028101 0.000048 0.069540 0.000131 0.000072 0.038977
            0.000000  0.425416  0.000000
 0.000079 0.000054 0.000071 0.028390 0.000058 0.068449 0.000142 0.000078 0.037455
            0.000000  0.430480  0.000000
 0.000079 0.000056 0.000081 0.028675 0.000067 0.067391 0.000150 0.000081 0.035969
            0.000000  0.435545  0.000000
 0.000077 0.000057 0.000088 0.028955 0.000073 0.066367 0.000153 0.000083 0.034517
            0.000000  0.440609  0.000000
 0.000074 0.000055 0.000093 0.029228 0.000077 0.065377 0.000151 0.000082 0.033099
            0.000000  0.445674  0.000000
 0.000068 0.000052 0.000095 0.029493 0.000077 0.064422 0.000145 0.000079 0.031711
            0.000000  0.450738  0.000000
 0.000061 0.000048 0.000094 0.029749 0.000075 0.063501 0.000134 0.000073 0.030355
            0.000000  0.455803  0.000000
 0.000052 0.000042 0.000088 0.029996 0.000069 0.062615 0.000119 0.000065 0.029027
            0.000000  0.460867  0.000000
 0.000043 0.000035 0.000078 0.030234 0.000060 0.061766 0.000100 0.000055 0.027728
            0.000000  0.465932  0.000000
 0.000033 0.000027 0.000064 0.030464 0.000048 0.060954 0.000077 0.000044 0.026457
            0.000000  0.470996  0.000000
 0.000022 0.000018 0.000046 0.030686 0.000033 0.060180 0.000053 0.000030 0.025212
            0.000000  0.476061  0.000000
 0.000011 0.000009 0.000025 0.030900 0.000017 0.059445 0.000027 0.000016 0.023992
            0.000000  0.481125  0.000000
 0.000000 0.000000 0.000000 0.031109 0.000000 0.058750 0.000000 0.000000 0.022797
            0.000000  0.486190  0.000000
 0.000011 0.000009 0.000027 0.031312 0.000018 0.058095 0.000026 0.000016 0.021626
            0.000000  0.491254  0.000000
 0.000021 0.000018 0.000055 0.031510 0.000035 0.057480 0.000051 0.000032 0.020479
            0.000000  0.496319  0.000000
 0.000030 0.000026 0.000084 0.031704 0.000052 0.056906 0.000074 0.000048 0.019353
            0.000000  0.501383  0.000000
 0.000038 0.000034 0.000112 0.031894 0.000067 0.056372 0.000094 0.000064 0.018251
            0.000000  0.506448  0.000000
 0.000046 0.000040 0.000139 0.032080 0.000079 0.055879 0.000111 0.000078 0.017171
            0.000000  0.511512  0.000000
 0.000052 0.000045 0.000163 0.032262 0.000090 0.055425 0.000123 0.000090 0.016113
            0.000000  0.516577  0.000000
 0.000056 0.000049 0.000183 0.032438 0.000097 0.055010 0.000132 0.000101 0.015080
            0.000000  0.521641  0.000000
 0.000059 0.000051 0.000198 0.032608 0.000101 0.054633 0.000136 0.000109 0.014072
            0.000000  0.526706  0.000000
 0.000060 0.000052 0.000209 0.032771 0.000102 0.054292 0.000135 0.000115 0.013094
            0.000000  0.531770  0.000000
 0.000060 0.000052 0.000213 0.032925 0.000100 0.053986 0.000131 0.000118 0.012147
            0.000000  0.536834  0.000000
 0.000058 0.000050 0.000211 0.033069 0.000095 0.053715 0.000123 0.000118 0.011239
            0.000000  0.541899  0.000000
 0.000054 0.000046 0.000202 0.033200 0.000087 0.053476 0.000112 0.000114 0.010378
            0.000000  0.546963  0.000000
 0.000049 0.000042 0.000188 0.033318 0.000077 0.053269 0.000098 0.000107 0.009573
            0.000000  0.552028  0.000000
 0.000043 0.000036 0.000167 0.033419 0.000066 0.053092 0.000082 0.000097 0.008838
            0.000000  0.557092  0.000000
 0.000036 0.000030 0.000141 0.033504 0.000053 0.052945 0.000065 0.000083 0.008190
            0.000000  0.562157  0.000000
 0.000028 0.000022 0.000110 0.033570 0.000040 0.052826 0.000048 0.000066 0.007650
            0.000000  0.567221  0.000000
 0.000019 0.000015 0.000075 0.033617 0.000026 0.052735 0.000031 0.000046 0.007241
            0.000000  0.572286  0.000000
 0.000009 0.000007 0.000038 0.033644 0.000013 0.052671 0.000015 0.000024 0.006983
            0.000000  0.577350  0.000000
 0.000000 0.000000 0.000000 0.033651 0.000000 0.052635 0.000000 0.000000 0.006893
