 &plot nbnd=   9, nks=   248 /
            0.333333  0.577350  0.000000
 0.000000 0.014074 0.000000 0.000000 0.000000 0.014755 0.000000 0.000000 0.000000
            0.330808  0.572976  0.000000
 0.000000 0.013993 0.001444 0.000000 0.000000 0.014754 0.000047 0.000000 0.000160
            0.328283  0.568603  0.000000
 0.000000 0.013780 0.002721 0.000000 0.000000 0.014754 0.000095 0.000000 0.000298
            0.325758  0.564229  0.000000
 0.000000 0.013495 0.003756 0.000000 0.000000 0.014752 0.000145 0.000000 0.000412
            0.323232  0.559855  0.000000
 0.000000 0.013191 0.004557 0.000000 0.000000 0.014750 0.000195 0.000000 0.000505
            0.320707  0.555481  0.000000
 0.000000 0.012896 0.005163 0.000000 0.000000 0.014747 0.000246 0.000000 0.000575
            0.318182  0.551107  0.000000
 0.000000 0.012619 0.005619 0.000000 0.000000 0.014743 0.000296 0.000000 0.000624
            0.315657  0.546733  0.000000
 0.000000 0.012362 0.005962 0.000000 0.000000 0.014739 0.000345 0.000000 0.000652
            0.313131  0.542359  0.000000
 0.000000 0.012123 0.006222 0.000000 0.000000 0.014735 0.000393 0.000000 0.000660
            0.310606  0.537985  0.000000
 0.000000 0.011898 0.006419 0.000000 0.000000 0.014731 0.000438 0.000000 0.000649
            0.308081  0.533612  0.000000
 0.000000 0.011684 0.006570 0.000000 0.000000 0.014726 0.000482 0.000000 0.000619
            0.305556  0.529238  0.000000
 0.000000 0.011480 0.006685 0.000000 0.000000 0.014722 0.000522 0.000000 0.000572
            0.303030  0.524864  0.000000
 0.000000 0.011283 0.006773 0.000000 0.000000 0.014718 0.000560 0.000000 0.000508
            0.300505  0.520490  0.000000
 0.000000 0.011091 0.006841 0.000000 0.000000 0.014714 0.000595 0.000000 0.000429
            0.297980  0.516116  0.000000
 0.000000 0.010904 0.006893 0.000000 0.000000 0.014709 0.000627 0.000000 0.000334
            0.295455  0.511742  0.000000
 0.000000 0.010721 0.006932 0.000000 0.000000 0.014705 0.000656 0.000000 0.000225
            0.292929  0.507368  0.000000
 0.000000 0.010540 0.006964 0.000000 0.000000 0.014701 0.000682 0.000000 0.000103
            0.290404  0.502995  0.000000
 0.000000 0.010362 0.006988 0.000000 0.000000 0.014697 0.000706 0.000000 0.000042
            0.287879  0.498621  0.000000
 0.000000 0.010187 0.007009 0.000000 0.000000 0.014692 0.000727 0.000000 0.000187
            0.285354  0.494247  0.000000
 0.000000 0.010013 0.007027 0.000000 0.000000 0.014686 0.000746 0.000000 0.000349
            0.282828  0.489873  0.000000
 0.000000 0.009841 0.007044 0.000000 0.000000 0.014680 0.000764 0.000000 0.000523
            0.280303  0.485499  0.000000
 0.000000 0.009670 0.007061 0.000000 0.000000 0.014672 0.000781 0.000000 0.000709
            0.277778  0.481125  0.000000
 0.000000 0.009500 0.007079 0.000000 0.000000 0.014663 0.000797 0.000000 0.000907
            0.275253  0.476751  0.000000
 0.000000 0.009332 0.007099 0.000000 0.000000 0.014652 0.000814 0.000000 0.001117
            0.272727  0.472377  0.000000
 0.000000 0.009165 0.007121 0.000000 0.000000 0.014639 0.000830 0.000000 0.001337
            0.270202  0.468004  0.000000
 0.000000 0.008999 0.007146 0.000000 0.000000 0.014623 0.000847 0.000000 0.001568
            0.267677  0.463630  0.000000
 0.000000 0.008833 0.007175 0.000000 0.000000 0.014605 0.000866 0.000000 0.001810
            0.265152  0.459256  0.000000
 0.000000 0.008669 0.007207 0.000000 0.000000 0.014584 0.000886 0.000000 0.002062
            0.262626  0.454882  0.000000
 0.000000 0.008507 0.007243 0.000000 0.000000 0.014560 0.000907 0.000000 0.002323
            0.260101  0.450508  0.000000
 0.000000 0.008345 0.007282 0.000000 0.000000 0.014532 0.000930 0.000000 0.002593
            0.257576  0.446134  0.000000
 0.000000 0.008185 0.007325 0.000000 0.000000 0.014501 0.000955 0.000000 0.002872
            0.255051  0.441760  0.000000
 0.000000 0.008027 0.007370 0.000000 0.000000 0.014465 0.000982 0.000000 0.003158
            0.252525  0.437387  0.000000
 0.000000 0.007871 0.007417 0.000000 0.000000 0.014425 0.001009 0.000000 0.003451
            0.250000  0.433013  0.000000
 0.000000 0.007717 0.007467 0.000000 0.000000 0.014380 0.001038 0.000000 0.003751
            0.247475  0.428639  0.000000
 0.000000 0.007565 0.007518 0.000000 0.000000 0.014331 0.001067 0.000000 0.004056
            0.244949  0.424265  0.000000
 0.000000 0.007416 0.007569 0.000000 0.000000 0.014276 0.001097 0.000000 0.004365
            0.242424  0.419891  0.000000
 0.000000 0.007269 0.007620 0.000000 0.000000 0.014216 0.001125 0.000000 0.004678
            0.239899  0.415517  0.000000
 0.000000 0.007125 0.007671 0.000000 0.000000 0.014150 0.001152 0.000000 0.004995
            0.237374  0.411143  0.000000
 0.000000 0.006984 0.007720 0.000000 0.000000 0.014078 0.001177 0.000000 0.005314
            0.234848  0.406770  0.000000
 0.000000 0.006845 0.007767 0.000000 0.000000 0.013999 0.001199 0.000000 0.005634
            0.232323  0.402396  0.000000
 0.000000 0.006710 0.007811 0.000000 0.000000 0.013914 0.001218 0.000000 0.005955
            0.229798  0.398022  0.000000
 0.000000 0.006578 0.007851 0.000000 0.000000 0.013823 0.001232 0.000000 0.006277
            0.227273  0.393648  0.000000
 0.000000 0.006448 0.007889 0.000000 0.000000 0.013723 0.001242 0.000000 0.006599
            0.224747  0.389274  0.000000
 0.000000 0.006322 0.007922 0.000000 0.000000 0.013617 0.001247 0.000000 0.006921
            0.222222  0.384900  0.000000
 0.000000 0.006198 0.007951 0.000000 0.000000 0.013502 0.001247 0.000000 0.007242
            0.219697  0.380526  0.000000
 0.000000 0.006077 0.007975 0.000000 0.000000 0.013380 0.001242 0.000000 0.007562
            0.217172  0.376152  0.000000
 0.000000 0.005958 0.007996 0.000000 0.000000 0.013249 0.001231 0.000000 0.007882
            0.214646  0.371779  0.000000
 0.000000 0.005841 0.008012 0.000000 0.000000 0.013108 0.001216 0.000000 0.008201
            0.212121  0.367405  0.000000
 0.000000 0.005725 0.008024 0.000000 0.000000 0.012959 0.001197 0.000000 0.008519
            0.209596  0.363031  0.000000
 0.000000 0.005612 0.008033 0.000000 0.000000 0.012801 0.001174 0.000000 0.008837
            0.207071  0.358657  0.000000
 0.000000 0.005499 0.008038 0.000000 0.000000 0.012633 0.001149 0.000000 0.009154
            0.204545  0.354283  0.000000
 0.000000 0.005387 0.008041 0.000000 0.000000 0.012455 0.001123 0.000000 0.009471
            0.202020  0.349909  0.000000
 0.000000 0.005276 0.008042 0.000000 0.000000 0.012267 0.001096 0.000000 0.009788
            0.199495  0.345535  0.000000
 0.000000 0.005165 0.008041 0.000000 0.000000 0.012069 0.001071 0.000000 0.010106
            0.196970  0.341162  0.000000
 0.000000 0.005054 0.008039 0.000000 0.000000 0.011860 0.001048 0.000000 0.010424
            0.194444  0.336788  0.000000
 0.000000 0.004942 0.008036 0.000000 0.000000 0.011642 0.001029 0.000000 0.010742
            0.191919  0.332414  0.000000
 0.000000 0.004830 0.008034 0.000000 0.000000 0.011414 0.001016 0.000000 0.011062
            0.189394  0.328040  0.000000
 0.000000 0.004718 0.008032 0.000000 0.000000 0.011175 0.001011 0.000000 0.011382
            0.186869  0.323666  0.000000
 0.000000 0.004604 0.008030 0.000000 0.000000 0.010927 0.001013 0.000000 0.011703
            0.184343  0.319292  0.000000
 0.000000 0.004490 0.008030 0.000000 0.000000 0.010670 0.001026 0.000000 0.012025
            0.181818  0.314918  0.000000
 0.000000 0.004374 0.008031 0.000000 0.000000 0.010404 0.001049 0.000000 0.012348
            0.179293  0.310544  0.000000
 0.000000 0.004258 0.008034 0.000000 0.000000 0.010130 0.001084 0.000000 0.012671
            0.176768  0.306171  0.000000
 0.000000 0.004140 0.008037 0.000000 0.000000 0.009849 0.001132 0.000000 0.012995
            0.174242  0.301797  0.000000
 0.000000 0.004022 0.008042 0.000000 0.000000 0.009561 0.001192 0.000000 0.013318
            0.171717  0.297423  0.000000
 0.000000 0.003904 0.008048 0.000000 0.000000 0.009266 0.001264 0.000000 0.013641
            0.169192  0.293049  0.000000
 0.000000 0.003785 0.008055 0.000000 0.000000 0.008967 0.001350 0.000000 0.013963
            0.166667  0.288675  0.000000
 0.000000 0.003666 0.008061 0.000000 0.000000 0.008663 0.001448 0.000000 0.014284
            0.164141  0.284301  0.000000
 0.000000 0.003548 0.008067 0.000000 0.000000 0.008357 0.001557 0.000000 0.014602
            0.161616  0.279927  0.000000
 0.000000 0.003430 0.008073 0.000000 0.000000 0.008048 0.001676 0.000000 0.014918
            0.159091  0.275554  0.000000
 0.000000 0.003313 0.008077 0.000000 0.000000 0.007739 0.001804 0.000000 0.015231
            0.156566  0.271180  0.000000
 0.000000 0.003198 0.008079 0.000000 0.000000 0.007429 0.001940 0.000000 0.015539
            0.154040  0.266806  0.000000
 0.000000 0.003084 0.008078 0.000000 0.000000 0.007120 0.002083 0.000000 0.015843
            0.151515  0.262432  0.000000
 0.000000 0.002973 0.008075 0.000000 0.000000 0.006814 0.002230 0.000000 0.016143
            0.148990  0.258058  0.000000
 0.000000 0.002863 0.008068 0.000000 0.000000 0.006510 0.002381 0.000000 0.016437
            0.146465  0.253684  0.000000
 0.000000 0.002757 0.008057 0.000000 0.000000 0.006210 0.002533 0.000000 0.016725
            0.143939  0.249310  0.000000
 0.000000 0.002653 0.008043 0.000000 0.000000 0.005914 0.002687 0.000000 0.017008
            0.141414  0.244936  0.000000
 0.000000 0.002551 0.008025 0.000000 0.000000 0.005624 0.002840 0.000000 0.017285
            0.138889  0.240563  0.000000
 0.000000 0.002453 0.008002 0.000000 0.000000 0.005340 0.002993 0.000000 0.017557
            0.136364  0.236189  0.000000
 0.000000 0.002358 0.007976 0.000000 0.000000 0.005062 0.003146 0.000000 0.017823
            0.133838  0.231815  0.000000
 0.000000 0.002265 0.007947 0.000000 0.000000 0.004790 0.003298 0.000000 0.018085
            0.131313  0.227441  0.000000
 0.000000 0.002174 0.007914 0.000000 0.000000 0.004526 0.003451 0.000000 0.018342
            0.128788  0.223067  0.000000
 0.000000 0.002086 0.007880 0.000000 0.000000 0.004269 0.003606 0.000000 0.018596
            0.126263  0.218693  0.000000
 0.000000 0.002000 0.007843 0.000000 0.000000 0.004020 0.003765 0.000000 0.018848
            0.123737  0.214319  0.000000
 0.000000 0.001914 0.007806 0.000000 0.000000 0.003778 0.003930 0.000000 0.019098
            0.121212  0.209946  0.000000
 0.000000 0.001830 0.007769 0.000000 0.000000 0.003543 0.004105 0.000000 0.019347
            0.118687  0.205572  0.000000
 0.000000 0.001745 0.007733 0.000000 0.000000 0.003316 0.004293 0.000000 0.019597
            0.116162  0.201198  0.000000
 0.000000 0.001660 0.007699 0.000000 0.000000 0.003097 0.004497 0.000000 0.019848
            0.113636  0.196824  0.000000
 0.000000 0.001573 0.007668 0.000000 0.000000 0.002884 0.004722 0.000000 0.020102
            0.111111  0.192450  0.000000
 0.000000 0.001485 0.007640 0.000000 0.000000 0.002679 0.004973 0.000000 0.020359
            0.108586  0.188076  0.000000
 0.000000 0.001393 0.007617 0.000000 0.000000 0.002481 0.005253 0.000000 0.020621
            0.106061  0.183702  0.000000
 0.000000 0.001299 0.007599 0.000000 0.000000 0.002289 0.005568 0.000000 0.020887
            0.103535  0.179328  0.000000
 0.000000 0.001200 0.007587 0.000000 0.000000 0.002104 0.005920 0.000000 0.021159
            0.101010  0.174955  0.000000
 0.000000 0.001097 0.007581 0.000000 0.000000 0.001926 0.006316 0.000000 0.021436
            0.098485  0.170581  0.000000
 0.000000 0.000990 0.007581 0.000000 0.000000 0.001755 0.006756 0.000000 0.021719
            0.095960  0.166207  0.000000
 0.000000 0.000878 0.007586 0.000000 0.000000 0.001591 0.007245 0.000000 0.022008
            0.093434  0.161833  0.000000
 0.000000 0.000762 0.007597 0.000000 0.000000 0.001434 0.007785 0.000000 0.022300
            0.090909  0.157459  0.000000
 0.000000 0.000641 0.007613 0.000000 0.000000 0.001285 0.008374 0.000000 0.022597
            0.088384  0.153085  0.000000
 0.000000 0.000517 0.007633 0.000000 0.000000 0.001143 0.009015 0.000000 0.022895
            0.085859  0.148711  0.000000
 0.000000 0.000389 0.007655 0.000000 0.000000 0.001010 0.009704 0.000000 0.023195
            0.083333  0.144338  0.000000
 0.000000 0.000260 0.007679 0.000000 0.000000 0.000886 0.010439 0.000000 0.023492
            0.080808  0.139964  0.000000
 0.000000 0.000131 0.007703 0.000000 0.000000 0.000771 0.011215 0.000000 0.023786
            0.078283  0.135590  0.000000
 0.000000 0.000030 0.007724 0.000000 0.000000 0.000666 0.012026 0.000000 0.024075
            0.075758  0.131216  0.000000
 0.000000 0.000135 0.007742 0.000000 0.000000 0.000570 0.012864 0.000000 0.024354
            0.073232  0.126842  0.000000
 0.000000 0.000259 0.007753 0.000000 0.000000 0.000484 0.013721 0.000000 0.024623
            0.070707  0.122468  0.000000
 0.000000 0.000379 0.007757 0.000000 0.000000 0.000407 0.014586 0.000000 0.024877
            0.068182  0.118094  0.000000
 0.000000 0.000493 0.007750 0.000000 0.000000 0.000340 0.015447 0.000000 0.025115
            0.065657  0.113721  0.000000
 0.000000 0.000598 0.007732 0.000000 0.000000 0.000283 0.016293 0.000000 0.025334
            0.063131  0.109347  0.000000
 0.000000 0.000694 0.007699 0.000000 0.000000 0.000234 0.017109 0.000000 0.025531
            0.060606  0.104973  0.000000
 0.000000 0.000779 0.007650 0.000000 0.000000 0.000192 0.017881 0.000000 0.025705
            0.058081  0.100599  0.000000
 0.000000 0.000851 0.007584 0.000000 0.000000 0.000158 0.018594 0.000000 0.025853
            0.055556  0.096225  0.000000
 0.000000 0.000910 0.007498 0.000000 0.000000 0.000131 0.019235 0.000000 0.025975
            0.053030  0.091851  0.000000
 0.000000 0.000954 0.007391 0.000000 0.000000 0.000109 0.019789 0.000000 0.026069
            0.050505  0.087477  0.000000
 0.000000 0.000983 0.007262 0.000000 0.000000 0.000092 0.020241 0.000000 0.026134
            0.047980  0.083103  0.000000
 0.000000 0.000997 0.007110 0.000000 0.000000 0.000079 0.020578 0.000000 0.026171
            0.045455  0.078730  0.000000
 0.000000 0.000995 0.006933 0.000000 0.000000 0.000068 0.020789 0.000000 0.026180
            0.042929  0.074356  0.000000
 0.000000 0.000979 0.006732 0.000000 0.000000 0.000061 0.020863 0.000000 0.026162
            0.040404  0.069982  0.000000
 0.000000 0.000949 0.006506 0.000000 0.000000 0.000054 0.020789 0.000000 0.026118
            0.037879  0.065608  0.000000
 0.000000 0.000906 0.006254 0.000000 0.000000 0.000050 0.020562 0.000000 0.026050
            0.035354  0.061234  0.000000
 0.000000 0.000851 0.005977 0.000000 0.000000 0.000045 0.020174 0.000000 0.025960
            0.032828  0.056860  0.000000
 0.000000 0.000787 0.005675 0.000000 0.000000 0.000042 0.019623 0.000000 0.025852
            0.030303  0.052486  0.000000
 0.000000 0.000715 0.005349 0.000000 0.000000 0.000038 0.018906 0.000000 0.025729
            0.027778  0.048113  0.000000
 0.000000 0.000636 0.004999 0.000000 0.000000 0.000034 0.018026 0.000000 0.025594
            0.025253  0.043739  0.000000
 0.000000 0.000555 0.004626 0.000000 0.000000 0.000031 0.016986 0.000000 0.025451
            0.022727  0.039365  0.000000
 0.000000 0.000472 0.004231 0.000000 0.000000 0.000027 0.015790 0.000000 0.025305
            0.020202  0.034991  0.000000
 0.000000 0.000390 0.003816 0.000000 0.000000 0.000023 0.014447 0.000000 0.025159
            0.017677  0.030617  0.000000
 0.000000 0.000311 0.003383 0.000000 0.000000 0.000018 0.012967 0.000000 0.025019
            0.015152  0.026243  0.000000
 0.000000 0.000238 0.002932 0.000000 0.000000 0.000015 0.011362 0.000000 0.024887
            0.012626  0.021869  0.000000
 0.000000 0.000172 0.002467 0.000000 0.000000 0.000011 0.009647 0.000000 0.024768
            0.010101  0.017495  0.000000
 0.000000 0.000115 0.001989 0.000000 0.000000 0.000008 0.007836 0.000000 0.024666
            0.007576  0.013122  0.000000
 0.000000 0.000069 0.001501 0.000000 0.000000 0.000005 0.005947 0.000000 0.024583
            0.005051  0.008748  0.000000
 0.000000 0.000035 0.001005 0.000000 0.000000 0.000003 0.003998 0.000000 0.024522
            0.002525  0.004374  0.000000
 0.000000 0.000013 0.000504 0.000000 0.000000 0.000001 0.002009 0.000000 0.024485
            0.000253  0.000437  0.000000
 0.000000 0.000001 0.000050 0.000000 0.000000 0.000000 0.000201 0.000000 0.024472
            0.000000  0.000506  0.000000
 0.000000 0.000000 0.000051 0.000000 0.000000 0.000000 0.000202 0.000000 0.024472
            0.000000  0.005064  0.000000
 0.000000 0.000000 0.000512 0.000000 0.000000 0.000000 0.002014 0.000000 0.024485
            0.000000  0.010129  0.000000
 0.000000 0.000000 0.001021 0.000000 0.000000 0.000000 0.004008 0.000000 0.024522
            0.000000  0.015193  0.000000
 0.000000 0.000000 0.001525 0.000000 0.000000 0.000000 0.005961 0.000000 0.024582
            0.000000  0.020258  0.000000
 0.000000 0.000000 0.002021 0.000000 0.000000 0.000000 0.007854 0.000000 0.024665
            0.000000  0.025322  0.000000
 0.000000 0.000000 0.002506 0.000000 0.000000 0.000000 0.009669 0.000000 0.024766
            0.000000  0.030387  0.000000
 0.000000 0.000000 0.002978 0.000000 0.000000 0.000000 0.011389 0.000000 0.024884
            0.000000  0.035451  0.000000
 0.000000 0.000000 0.003435 0.000000 0.000000 0.000000 0.012997 0.000000 0.025015
            0.000000  0.040516  0.000000
 0.000000 0.000000 0.003875 0.000000 0.000000 0.000000 0.014480 0.000000 0.025155
            0.000000  0.045580  0.000000
 0.000000 0.000000 0.004295 0.000000 0.000000 0.000000 0.015827 0.000000 0.025300
            0.000000  0.050645  0.000000
 0.000000 0.000000 0.004695 0.000000 0.000000 0.000000 0.017027 0.000000 0.025447
            0.000000  0.055709  0.000000
 0.000000 0.000000 0.005072 0.000000 0.000000 0.000000 0.018074 0.000000 0.025590
            0.000000  0.060774  0.000000
 0.000000 0.000000 0.005425 0.000000 0.000000 0.000000 0.018962 0.000000 0.025726
            0.000000  0.065838  0.000000
 0.000000 0.000000 0.005754 0.000000 0.000000 0.000000 0.019688 0.000000 0.025851
            0.000000  0.070903  0.000000
 0.000000 0.000000 0.006057 0.000000 0.000000 0.000000 0.020252 0.000000 0.025961
            0.000000  0.075967  0.000000
 0.000000 0.000000 0.006334 0.000000 0.000000 0.000000 0.020656 0.000000 0.026054
            0.000000  0.081032  0.000000
 0.000000 0.000000 0.006585 0.000000 0.000000 0.000000 0.020904 0.000000 0.026126
            0.000000  0.086096  0.000000
 0.000000 0.000000 0.006809 0.000000 0.000000 0.000000 0.021001 0.000000 0.026175
            0.000000  0.091161  0.000000
 0.000000 0.000000 0.007008 0.000000 0.000000 0.000000 0.020956 0.000000 0.026199
            0.000000  0.096225  0.000000
 0.000000 0.000000 0.007181 0.000000 0.000000 0.000000 0.020777 0.000000 0.026197
            0.000000  0.101290  0.000000
 0.000000 0.000000 0.007330 0.000000 0.000000 0.000000 0.020476 0.000000 0.026168
            0.000000  0.106354  0.000000
 0.000000 0.000000 0.007455 0.000000 0.000000 0.000000 0.020064 0.000000 0.026111
            0.000000  0.111418  0.000000
 0.000000 0.000000 0.007557 0.000000 0.000000 0.000000 0.019555 0.000000 0.026027
            0.000000  0.116483  0.000000
 0.000000 0.000000 0.007639 0.000000 0.000000 0.000000 0.018960 0.000000 0.025915
            0.000000  0.121547  0.000000
 0.000000 0.000000 0.007702 0.000000 0.000000 0.000000 0.018295 0.000000 0.025777
            0.000000  0.126612  0.000000
 0.000000 0.000000 0.007747 0.000000 0.000000 0.000000 0.017571 0.000000 0.025615
            0.000000  0.131676  0.000000
 0.000000 0.000000 0.007776 0.000000 0.000000 0.000000 0.016803 0.000000 0.025428
            0.000000  0.136741  0.000000
 0.000000 0.000000 0.007792 0.000000 0.000000 0.000000 0.016003 0.000000 0.025221
            0.000000  0.141805  0.000000
 0.000000 0.000000 0.007796 0.000000 0.000000 0.000000 0.015183 0.000000 0.024994
            0.000000  0.146870  0.000000
 0.000000 0.000000 0.007791 0.000000 0.000000 0.000000 0.014354 0.000000 0.024750
            0.000000  0.151934  0.000000
 0.000000 0.000000 0.007778 0.000000 0.000000 0.000000 0.013527 0.000000 0.024491
            0.000000  0.156999  0.000000
 0.000000 0.000000 0.007758 0.000000 0.000000 0.000000 0.012710 0.000000 0.024220
            0.000000  0.162063  0.000000
 0.000000 0.000000 0.007735 0.000000 0.000000 0.000000 0.011911 0.000000 0.023939
            0.000000  0.167128  0.000000
 0.000000 0.000000 0.007708 0.000000 0.000000 0.000000 0.011137 0.000000 0.023651
            0.000000  0.172192  0.000000
 0.000000 0.000000 0.007679 0.000000 0.000000 0.000000 0.010392 0.000000 0.023358
            0.000000  0.177257  0.000000
 0.000000 0.000000 0.007650 0.000000 0.000000 0.000000 0.009680 0.000000 0.023061
            0.000000  0.182321  0.000000
 0.000000 0.000000 0.007620 0.000000 0.000000 0.000000 0.009004 0.000000 0.022764
            0.000000  0.187386  0.000000
 0.000000 0.000000 0.007591 0.000000 0.000000 0.000000 0.008366 0.000000 0.022467
            0.000000  0.192450  0.000000
 0.000000 0.000000 0.007562 0.000000 0.000000 0.000000 0.007765 0.000000 0.022172
            0.000000  0.197515  0.000000
 0.000000 0.000000 0.007534 0.000000 0.000000 0.000000 0.007203 0.000000 0.021881
            0.000000  0.202579  0.000000
 0.000000 0.000000 0.007506 0.000000 0.000000 0.000000 0.006676 0.000000 0.021594
            0.000000  0.207644  0.000000
 0.000000 0.000000 0.007479 0.000000 0.000000 0.000000 0.006185 0.000000 0.021312
            0.000000  0.212708  0.000000
 0.000000 0.000000 0.007451 0.000000 0.000000 0.000000 0.005726 0.000000 0.021036
            0.000000  0.217772  0.000000
 0.000000 0.000000 0.007424 0.000000 0.000000 0.000000 0.005298 0.000000 0.020767
            0.000000  0.222837  0.000000
 0.000000 0.000000 0.007394 0.000000 0.000000 0.000000 0.004897 0.000000 0.020503
            0.000000  0.227901  0.000000
 0.000000 0.000000 0.007364 0.000000 0.000000 0.000000 0.004521 0.000000 0.020246
            0.000000  0.232966  0.000000
 0.000000 0.000000 0.007331 0.000000 0.000000 0.000000 0.004166 0.000000 0.019995
            0.000000  0.238030  0.000000
 0.000000 0.000000 0.007295 0.000000 0.000000 0.000000 0.003831 0.000000 0.019751
            0.000000  0.243095  0.000000
 0.000000 0.000000 0.007256 0.000000 0.000000 0.000000 0.003513 0.000000 0.019513
            0.000000  0.248159  0.000000
 0.000000 0.000000 0.007213 0.000000 0.000000 0.000000 0.003210 0.000000 0.019281
            0.000000  0.253224  0.000000
 0.000000 0.000000 0.007167 0.000000 0.000000 0.000000 0.002919 0.000000 0.019055
            0.000000  0.258288  0.000000
 0.000000 0.000000 0.007116 0.000000 0.000000 0.000000 0.002640 0.000000 0.018835
            0.000000  0.263353  0.000000
 0.000000 0.000000 0.007060 0.000000 0.000000 0.000000 0.002371 0.000000 0.018620
            0.000000  0.268417  0.000000
 0.000000 0.000000 0.007000 0.000000 0.000000 0.000000 0.002111 0.000000 0.018412
            0.000000  0.273482  0.000000
 0.000000 0.000000 0.006936 0.000000 0.000000 0.000000 0.001859 0.000000 0.018210
            0.000000  0.278546  0.000000
 0.000000 0.000000 0.006866 0.000000 0.000000 0.000000 0.001617 0.000000 0.018014
            0.000000  0.283611  0.000000
 0.000000 0.000000 0.006793 0.000000 0.000000 0.000000 0.001383 0.000000 0.017824
            0.000000  0.288675  0.000000
 0.000000 0.000000 0.006715 0.000000 0.000000 0.000000 0.001161 0.000000 0.017642
            0.000000  0.293740  0.000000
 0.000000 0.000000 0.006633 0.000000 0.000000 0.000000 0.000953 0.000000 0.017468
            0.000000  0.298804  0.000000
 0.000000 0.000000 0.006548 0.000000 0.000000 0.000000 0.000765 0.000000 0.017303
            0.000000  0.303869  0.000000
 0.000000 0.000000 0.006459 0.000000 0.000000 0.000000 0.000609 0.000000 0.017146
            0.000000  0.308933  0.000000
 0.000000 0.000000 0.006367 0.000000 0.000000 0.000000 0.000506 0.000000 0.017000
            0.000000  0.313998  0.000000
 0.000000 0.000000 0.006273 0.000000 0.000000 0.000000 0.000482 0.000000 0.016865
            0.000000  0.319062  0.000000
 0.000000 0.000000 0.006176 0.000000 0.000000 0.000000 0.000541 0.000000 0.016742
            0.000000  0.324126  0.000000
 0.000000 0.000000 0.006078 0.000000 0.000000 0.000000 0.000653 0.000000 0.016632
            0.000000  0.329191  0.000000
 0.000000 0.000000 0.005977 0.000000 0.000000 0.000000 0.000792 0.000000 0.016536
            0.000000  0.334255  0.000000
 0.000000 0.000000 0.005876 0.000000 0.000000 0.000000 0.000943 0.000000 0.016454
            0.000000  0.339320  0.000000
 0.000000 0.000000 0.005773 0.000000 0.000000 0.000000 0.001097 0.000000 0.016388
            0.000000  0.344384  0.000000
 0.000000 0.000000 0.005670 0.000000 0.000000 0.000000 0.001250 0.000000 0.016338
            0.000000  0.349449  0.000000
 0.000000 0.000000 0.005566 0.000000 0.000000 0.000000 0.001402 0.000000 0.016304
            0.000000  0.354513  0.000000
 0.000000 0.000000 0.005462 0.000000 0.000000 0.000000 0.001551 0.000000 0.016288
            0.000000  0.359578  0.000000
 0.000000 0.000000 0.005357 0.000000 0.000000 0.000000 0.001697 0.000000 0.016289
            0.000000  0.364642  0.000000
 0.000000 0.000000 0.005252 0.000000 0.000000 0.000000 0.001841 0.000000 0.016307
            0.000000  0.369707  0.000000
 0.000000 0.000000 0.005148 0.000000 0.000000 0.000000 0.001981 0.000000 0.016342
            0.000000  0.374771  0.000000
 0.000000 0.000000 0.005043 0.000000 0.000000 0.000000 0.002119 0.000000 0.016394
            0.000000  0.379836  0.000000
 0.000000 0.000000 0.004939 0.000000 0.000000 0.000000 0.002255 0.000000 0.016463
            0.000000  0.384900  0.000000
 0.000000 0.000000 0.004835 0.000000 0.000000 0.000000 0.002389 0.000000 0.016547
            0.000000  0.389965  0.000000
 0.000000 0.000000 0.004732 0.000000 0.000000 0.000000 0.002521 0.000000 0.016647
            0.000000  0.395029  0.000000
 0.000000 0.000000 0.004630 0.000000 0.000000 0.000000 0.002650 0.000000 0.016760
            0.000000  0.400094  0.000000
 0.000000 0.000000 0.004529 0.000000 0.000000 0.000000 0.002778 0.000000 0.016887
            0.000000  0.405158  0.000000
 0.000000 0.000000 0.004429 0.000000 0.000000 0.000000 0.002904 0.000000 0.017026
            0.000000  0.410223  0.000000
 0.000000 0.000000 0.004332 0.000000 0.000000 0.000000 0.003027 0.000000 0.017176
            0.000000  0.415287  0.000000
 0.000000 0.000000 0.004237 0.000000 0.000000 0.000000 0.003148 0.000000 0.017336
            0.000000  0.420352  0.000000
 0.000000 0.000000 0.004144 0.000000 0.000000 0.000000 0.003266 0.000000 0.017504
            0.000000  0.425416  0.000000
 0.000000 0.000000 0.004055 0.000000 0.000000 0.000000 0.003381 0.000000 0.017680
            0.000000  0.430480  0.000000
 0.000000 0.000000 0.003970 0.000000 0.000000 0.000000 0.003493 0.000000 0.017863
            0.000000  0.435545  0.000000
 0.000000 0.000000 0.003890 0.000000 0.000000 0.000000 0.003602 0.000000 0.018050
            0.000000  0.440609  0.000000
 0.000000 0.000000 0.003814 0.000000 0.000000 0.000000 0.003707 0.000000 0.018242
            0.000000  0.445674  0.000000
 0.000000 0.000000 0.003745 0.000000 0.000000 0.000000 0.003809 0.000000 0.018438
            0.000000  0.450738  0.000000
 0.000000 0.000000 0.003682 0.000000 0.000000 0.000000 0.003907 0.000000 0.018635
            0.000000  0.455803  0.000000
 0.000000 0.000000 0.003626 0.000000 0.000000 0.000000 0.004001 0.000000 0.018834
            0.000000  0.460867  0.000000
 0.000000 0.000000 0.003578 0.000000 0.000000 0.000000 0.004091 0.000000 0.019033
            0.000000  0.465932  0.000000
 0.000000 0.000000 0.003538 0.000000 0.000000 0.000000 0.004177 0.000000 0.019232
            0.000000  0.470996  0.000000
 0.000000 0.000000 0.003507 0.000000 0.000000 0.000000 0.004260 0.000000 0.019430
            0.000000  0.476061  0.000000
 0.000000 0.000000 0.003485 0.000000 0.000000 0.000000 0.004340 0.000000 0.019626
            0.000000  0.481125  0.000000
 0.000000 0.000000 0.003472 0.000000 0.000000 0.000000 0.004416 0.000000 0.019819
            0.000000  0.486190  0.000000
 0.000000 0.000000 0.003469 0.000000 0.000000 0.000000 0.004489 0.000000 0.020008
            0.000000  0.491254  0.000000
 0.000000 0.000000 0.003474 0.000000 0.000000 0.000000 0.004558 0.000000 0.020194
            0.000000  0.496319  0.000000
 0.000000 0.000000 0.003487 0.000000 0.000000 0.000000 0.004625 0.000000 0.020374
            0.000000  0.501383  0.000000
 0.000000 0.000000 0.003508 0.000000 0.000000 0.000000 0.004689 0.000000 0.020549
            0.000000  0.506448  0.000000
 0.000000 0.000000 0.003536 0.000000 0.000000 0.000000 0.004750 0.000000 0.020717
            0.000000  0.511512  0.000000
 0.000000 0.000000 0.003569 0.000000 0.000000 0.000000 0.004808 0.000000 0.020878
            0.000000  0.516577  0.000000
 0.000000 0.000000 0.003608 0.000000 0.000000 0.000000 0.004863 0.000000 0.021031
            0.000000  0.521641  0.000000
 0.000000 0.000000 0.003650 0.000000 0.000000 0.000000 0.004915 0.000000 0.021176
            0.000000  0.526706  0.000000
 0.000000 0.000000 0.003693 0.000000 0.000000 0.000000 0.004964 0.000000 0.021311
            0.000000  0.531770  0.000000
 0.000000 0.000000 0.003738 0.000000 0.000000 0.000000 0.005009 0.000000 0.021435
            0.000000  0.536834  0.000000
 0.000000 0.000000 0.003782 0.000000 0.000000 0.000000 0.005051 0.000000 0.021549
            0.000000  0.541899  0.000000
 0.000000 0.000000 0.003825 0.000000 0.000000 0.000000 0.005088 0.000000 0.021651
            0.000000  0.546963  0.000000
 0.000000 0.000000 0.003864 0.000000 0.000000 0.000000 0.005122 0.000000 0.021741
            0.000000  0.552028  0.000000
 0.000000 0.000000 0.003900 0.000000 0.000000 0.000000 0.005150 0.000000 0.021818
            0.000000  0.557092  0.000000
 0.000000 0.000000 0.003930 0.000000 0.000000 0.000000 0.005174 0.000000 0.021882
            0.000000  0.562157  0.000000
 0.000000 0.000000 0.003955 0.000000 0.000000 0.000000 0.005193 0.000000 0.021932
            0.000000  0.567221  0.000000
 0.000000 0.000000 0.003973 0.000000 0.000000 0.000000 0.005207 0.000000 0.021968
            0.000000  0.572286  0.000000
 0.000000 0.000000 0.003984 0.000000 0.000000 0.000000 0.005215 0.000000 0.021990
            0.000000  0.577350  0.000000
 0.000000 0.000000 0.003987 0.000000 0.000000 0.000000 0.005218 0.000000 0.021997
