 &plot nbnd=   9, nks=   248 /
            0.333333  0.577350  0.000000
 0.000000 0.014589 0.000000 0.000000 0.000000 0.014564 0.000000 0.000000 0.000000
            0.330808  0.572976  0.000000
 0.000000 0.014312 0.002789 0.000000 0.000000 0.014565 0.000132 0.000000 0.000167
            0.328283  0.568603  0.000000
 0.000000 0.013750 0.004783 0.000000 0.000000 0.014566 0.000265 0.000000 0.000309
            0.325758  0.564229  0.000000
 0.000000 0.013214 0.006018 0.000000 0.000000 0.014567 0.000397 0.000000 0.000427
            0.323232  0.559855  0.000000
 0.000000 0.012782 0.006774 0.000000 0.000000 0.014569 0.000528 0.000000 0.000521
            0.320707  0.555481  0.000000
 0.000000 0.012441 0.007249 0.000000 0.000000 0.014572 0.000656 0.000000 0.000592
            0.318182  0.551107  0.000000
 0.000000 0.012162 0.007558 0.000000 0.000000 0.014574 0.000781 0.000000 0.000639
            0.315657  0.546733  0.000000
 0.000000 0.011925 0.007762 0.000000 0.000000 0.014578 0.000901 0.000000 0.000664
            0.313131  0.542359  0.000000
 0.000000 0.011714 0.007897 0.000000 0.000000 0.014581 0.001015 0.000000 0.000669
            0.310606  0.537985  0.000000
 0.000000 0.011520 0.007986 0.000000 0.000000 0.014585 0.001123 0.000000 0.000653
            0.308081  0.533612  0.000000
 0.000000 0.011338 0.008041 0.000000 0.000000 0.014589 0.001225 0.000000 0.000617
            0.305556  0.529238  0.000000
 0.000000 0.011163 0.008074 0.000000 0.000000 0.014594 0.001320 0.000000 0.000564
            0.303030  0.524864  0.000000
 0.000000 0.010993 0.008089 0.000000 0.000000 0.014598 0.001408 0.000000 0.000494
            0.300505  0.520490  0.000000
 0.000000 0.010827 0.008092 0.000000 0.000000 0.014603 0.001490 0.000000 0.000407
            0.297980  0.516116  0.000000
 0.000000 0.010663 0.008087 0.000000 0.000000 0.014607 0.001564 0.000000 0.000306
            0.295455  0.511742  0.000000
 0.000000 0.010500 0.008075 0.000000 0.000000 0.014611 0.001633 0.000000 0.000190
            0.292929  0.507368  0.000000
 0.000000 0.010338 0.008060 0.000000 0.000000 0.014615 0.001695 0.000000 0.000065
            0.290404  0.502995  0.000000
 0.000000 0.010177 0.008042 0.000000 0.000000 0.014618 0.001753 0.000000 0.000093
            0.287879  0.498621  0.000000
 0.000000 0.010017 0.008024 0.000000 0.000000 0.014620 0.001805 0.000000 0.000247
            0.285354  0.494247  0.000000
 0.000000 0.009857 0.008007 0.000000 0.000000 0.014621 0.001853 0.000000 0.000416
            0.282828  0.489873  0.000000
 0.000000 0.009697 0.007992 0.000000 0.000000 0.014621 0.001898 0.000000 0.000597
            0.280303  0.485499  0.000000
 0.000000 0.009537 0.007981 0.000000 0.000000 0.014619 0.001941 0.000000 0.000790
            0.277778  0.481125  0.000000
 0.000000 0.009377 0.007974 0.000000 0.000000 0.014616 0.001982 0.000000 0.000995
            0.275253  0.476751  0.000000
 0.000000 0.009217 0.007971 0.000000 0.000000 0.014611 0.002021 0.000000 0.001212
            0.272727  0.472377  0.000000
 0.000000 0.009057 0.007975 0.000000 0.000000 0.014603 0.002061 0.000000 0.001440
            0.270202  0.468004  0.000000
 0.000000 0.008897 0.007984 0.000000 0.000000 0.014593 0.002101 0.000000 0.001679
            0.267677  0.463630  0.000000
 0.000000 0.008737 0.008000 0.000000 0.000000 0.014581 0.002142 0.000000 0.001929
            0.265152  0.459256  0.000000
 0.000000 0.008577 0.008023 0.000000 0.000000 0.014565 0.002184 0.000000 0.002190
            0.262626  0.454882  0.000000
 0.000000 0.008417 0.008052 0.000000 0.000000 0.014547 0.002228 0.000000 0.002460
            0.260101  0.450508  0.000000
 0.000000 0.008258 0.008088 0.000000 0.000000 0.014524 0.002275 0.000000 0.002740
            0.257576  0.446134  0.000000
 0.000000 0.008100 0.008129 0.000000 0.000000 0.014498 0.002323 0.000000 0.003029
            0.255051  0.441760  0.000000
 0.000000 0.007943 0.008176 0.000000 0.000000 0.014468 0.002374 0.000000 0.003326
            0.252525  0.437387  0.000000
 0.000000 0.007788 0.008228 0.000000 0.000000 0.014433 0.002427 0.000000 0.003631
            0.250000  0.433013  0.000000
 0.000000 0.007634 0.008284 0.000000 0.000000 0.014393 0.002481 0.000000 0.003941
            0.247475  0.428639  0.000000
 0.000000 0.007482 0.008343 0.000000 0.000000 0.014349 0.002537 0.000000 0.004257
            0.244949  0.424265  0.000000
 0.000000 0.007333 0.008404 0.000000 0.000000 0.014299 0.002593 0.000000 0.004577
            0.242424  0.419891  0.000000
 0.000000 0.007186 0.008466 0.000000 0.000000 0.014243 0.002649 0.000000 0.004900
            0.239899  0.415517  0.000000
 0.000000 0.007042 0.008528 0.000000 0.000000 0.014180 0.002705 0.000000 0.005226
            0.237374  0.411143  0.000000
 0.000000 0.006902 0.008590 0.000000 0.000000 0.014112 0.002758 0.000000 0.005552
            0.234848  0.406770  0.000000
 0.000000 0.006765 0.008649 0.000000 0.000000 0.014036 0.002809 0.000000 0.005879
            0.232323  0.402396  0.000000
 0.000000 0.006631 0.008706 0.000000 0.000000 0.013954 0.002857 0.000000 0.006206
            0.229798  0.398022  0.000000
 0.000000 0.006501 0.008759 0.000000 0.000000 0.013864 0.002900 0.000000 0.006531
            0.227273  0.393648  0.000000
 0.000000 0.006374 0.008809 0.000000 0.000000 0.013766 0.002939 0.000000 0.006855
            0.224747  0.389274  0.000000
 0.000000 0.006250 0.008854 0.000000 0.000000 0.013659 0.002973 0.000000 0.007176
            0.222222  0.384900  0.000000
 0.000000 0.006130 0.008895 0.000000 0.000000 0.013545 0.003002 0.000000 0.007495
            0.219697  0.380526  0.000000
 0.000000 0.006013 0.008931 0.000000 0.000000 0.013421 0.003026 0.000000 0.007813
            0.217172  0.376152  0.000000
 0.000000 0.005898 0.008962 0.000000 0.000000 0.013289 0.003044 0.000000 0.008127
            0.214646  0.371779  0.000000
 0.000000 0.005786 0.008990 0.000000 0.000000 0.013147 0.003058 0.000000 0.008440
            0.212121  0.367405  0.000000
 0.000000 0.005676 0.009013 0.000000 0.000000 0.012996 0.003068 0.000000 0.008751
            0.209596  0.363031  0.000000
 0.000000 0.005567 0.009034 0.000000 0.000000 0.012835 0.003074 0.000000 0.009061
            0.207071  0.358657  0.000000
 0.000000 0.005460 0.009052 0.000000 0.000000 0.012664 0.003079 0.000000 0.009369
            0.204545  0.354283  0.000000
 0.000000 0.005353 0.009068 0.000000 0.000000 0.012483 0.003083 0.000000 0.009677
            0.202020  0.349909  0.000000
 0.000000 0.005247 0.009085 0.000000 0.000000 0.012292 0.003088 0.000000 0.009986
            0.199495  0.345535  0.000000
 0.000000 0.005140 0.009101 0.000000 0.000000 0.012091 0.003095 0.000000 0.010295
            0.196970  0.341162  0.000000
 0.000000 0.005033 0.009119 0.000000 0.000000 0.011880 0.003106 0.000000 0.010605
            0.194444  0.336788  0.000000
 0.000000 0.004924 0.009140 0.000000 0.000000 0.011659 0.003124 0.000000 0.010917
            0.191919  0.332414  0.000000
 0.000000 0.004815 0.009163 0.000000 0.000000 0.011428 0.003149 0.000000 0.011231
            0.189394  0.328040  0.000000
 0.000000 0.004703 0.009191 0.000000 0.000000 0.011187 0.003183 0.000000 0.011547
            0.186869  0.323666  0.000000
 0.000000 0.004590 0.009224 0.000000 0.000000 0.010938 0.003229 0.000000 0.011866
            0.184343  0.319292  0.000000
 0.000000 0.004475 0.009262 0.000000 0.000000 0.010679 0.003287 0.000000 0.012188
            0.181818  0.314918  0.000000
 0.000000 0.004358 0.009305 0.000000 0.000000 0.010411 0.003358 0.000000 0.012512
            0.179293  0.310544  0.000000
 0.000000 0.004239 0.009354 0.000000 0.000000 0.010136 0.003444 0.000000 0.012839
            0.176768  0.306171  0.000000
 0.000000 0.004119 0.009409 0.000000 0.000000 0.009853 0.003545 0.000000 0.013168
            0.174242  0.301797  0.000000
 0.000000 0.003996 0.009468 0.000000 0.000000 0.009564 0.003662 0.000000 0.013499
            0.171717  0.297423  0.000000
 0.000000 0.003873 0.009532 0.000000 0.000000 0.009269 0.003793 0.000000 0.013832
            0.169192  0.293049  0.000000
 0.000000 0.003749 0.009600 0.000000 0.000000 0.008968 0.003940 0.000000 0.014164
            0.166667  0.288675  0.000000
 0.000000 0.003624 0.009671 0.000000 0.000000 0.008663 0.004100 0.000000 0.014497
            0.164141  0.284301  0.000000
 0.000000 0.003499 0.009744 0.000000 0.000000 0.008354 0.004274 0.000000 0.014828
            0.161616  0.279927  0.000000
 0.000000 0.003375 0.009817 0.000000 0.000000 0.008043 0.004459 0.000000 0.015157
            0.159091  0.275554  0.000000
 0.000000 0.003252 0.009890 0.000000 0.000000 0.007731 0.004654 0.000000 0.015482
            0.156566  0.271180  0.000000
 0.000000 0.003130 0.009961 0.000000 0.000000 0.007418 0.004856 0.000000 0.015804
            0.154040  0.266806  0.000000
 0.000000 0.003011 0.010028 0.000000 0.000000 0.007105 0.005065 0.000000 0.016120
            0.151515  0.262432  0.000000
 0.000000 0.002894 0.010092 0.000000 0.000000 0.006793 0.005277 0.000000 0.016430
            0.148990  0.258058  0.000000
 0.000000 0.002780 0.010150 0.000000 0.000000 0.006483 0.005492 0.000000 0.016734
            0.146465  0.253684  0.000000
 0.000000 0.002670 0.010201 0.000000 0.000000 0.006177 0.005707 0.000000 0.017031
            0.143939  0.249310  0.000000
 0.000000 0.002563 0.010246 0.000000 0.000000 0.005874 0.005920 0.000000 0.017320
            0.141414  0.244936  0.000000
 0.000000 0.002461 0.010283 0.000000 0.000000 0.005575 0.006132 0.000000 0.017601
            0.138889  0.240563  0.000000
 0.000000 0.002362 0.010312 0.000000 0.000000 0.005282 0.006340 0.000000 0.017876
            0.136364  0.236189  0.000000
 0.000000 0.002268 0.010335 0.000000 0.000000 0.004994 0.006544 0.000000 0.018143
            0.133838  0.231815  0.000000
 0.000000 0.002177 0.010350 0.000000 0.000000 0.004712 0.006747 0.000000 0.018403
            0.131313  0.227441  0.000000
 0.000000 0.002090 0.010359 0.000000 0.000000 0.004437 0.006947 0.000000 0.018659
            0.128788  0.223067  0.000000
 0.000000 0.002006 0.010364 0.000000 0.000000 0.004169 0.007147 0.000000 0.018909
            0.126263  0.218693  0.000000
 0.000000 0.001925 0.010366 0.000000 0.000000 0.003907 0.007351 0.000000 0.019157
            0.123737  0.214319  0.000000
 0.000000 0.001846 0.010366 0.000000 0.000000 0.003654 0.007560 0.000000 0.019403
            0.121212  0.209946  0.000000
 0.000000 0.001768 0.010367 0.000000 0.000000 0.003407 0.007778 0.000000 0.019649
            0.118687  0.205572  0.000000
 0.000000 0.001691 0.010372 0.000000 0.000000 0.003168 0.008011 0.000000 0.019896
            0.116162  0.201198  0.000000
 0.000000 0.001614 0.010383 0.000000 0.000000 0.002936 0.008262 0.000000 0.020147
            0.113636  0.196824  0.000000
 0.000000 0.001535 0.010402 0.000000 0.000000 0.002711 0.008538 0.000000 0.020402
            0.111111  0.192450  0.000000
 0.000000 0.001454 0.010433 0.000000 0.000000 0.002494 0.008844 0.000000 0.020664
            0.108586  0.188076  0.000000
 0.000000 0.001370 0.010478 0.000000 0.000000 0.002284 0.009186 0.000000 0.020934
            0.106061  0.183702  0.000000
 0.000000 0.001282 0.010540 0.000000 0.000000 0.002081 0.009569 0.000000 0.021213
            0.103535  0.179328  0.000000
 0.000000 0.001189 0.010622 0.000000 0.000000 0.001885 0.009999 0.000000 0.021501
            0.101010  0.174955  0.000000
 0.000000 0.001091 0.010724 0.000000 0.000000 0.001696 0.010480 0.000000 0.021799
            0.098485  0.170581  0.000000
 0.000000 0.000987 0.010850 0.000000 0.000000 0.001515 0.011017 0.000000 0.022107
            0.095960  0.166207  0.000000
 0.000000 0.000878 0.011000 0.000000 0.000000 0.001342 0.011614 0.000000 0.022425
            0.093434  0.161833  0.000000
 0.000000 0.000762 0.011175 0.000000 0.000000 0.001177 0.012272 0.000000 0.022752
            0.090909  0.157459  0.000000
 0.000000 0.000641 0.011374 0.000000 0.000000 0.001021 0.012993 0.000000 0.023086
            0.088384  0.153085  0.000000
 0.000000 0.000514 0.011597 0.000000 0.000000 0.000874 0.013775 0.000000 0.023426
            0.085859  0.148711  0.000000
 0.000000 0.000383 0.011843 0.000000 0.000000 0.000737 0.014618 0.000000 0.023768
            0.083333  0.144338  0.000000
 0.000000 0.000248 0.012109 0.000000 0.000000 0.000611 0.015516 0.000000 0.024110
            0.080808  0.139964  0.000000
 0.000000 0.000113 0.012392 0.000000 0.000000 0.000496 0.016464 0.000000 0.024448
            0.078283  0.135590  0.000000
 0.000000 0.000047 0.012688 0.000000 0.000000 0.000392 0.017454 0.000000 0.024779
            0.075758  0.131216  0.000000
 0.000000 0.000174 0.012994 0.000000 0.000000 0.000301 0.018476 0.000000 0.025100
            0.073232  0.126842  0.000000
 0.000000 0.000309 0.013304 0.000000 0.000000 0.000222 0.019519 0.000000 0.025405
            0.070707  0.122468  0.000000
 0.000000 0.000441 0.013612 0.000000 0.000000 0.000156 0.020570 0.000000 0.025692
            0.068182  0.118094  0.000000
 0.000000 0.000568 0.013913 0.000000 0.000000 0.000103 0.021612 0.000000 0.025955
            0.065657  0.113721  0.000000
 0.000000 0.000687 0.014200 0.000000 0.000000 0.000061 0.022631 0.000000 0.026192
            0.063131  0.109347  0.000000
 0.000000 0.000796 0.014466 0.000000 0.000000 0.000033 0.023608 0.000000 0.026398
            0.060606  0.104973  0.000000
 0.000000 0.000893 0.014705 0.000000 0.000000 0.000020 0.024526 0.000000 0.026571
            0.058081  0.100599  0.000000
 0.000000 0.000977 0.014908 0.000000 0.000000 0.000021 0.025365 0.000000 0.026707
            0.055556  0.096225  0.000000
 0.000000 0.001047 0.015070 0.000000 0.000000 0.000024 0.026108 0.000000 0.026806
            0.053030  0.091851  0.000000
 0.000000 0.001100 0.015183 0.000000 0.000000 0.000023 0.026736 0.000000 0.026865
            0.050505  0.087477  0.000000
 0.000000 0.001137 0.015239 0.000000 0.000000 0.000020 0.027232 0.000000 0.026883
            0.047980  0.083103  0.000000
 0.000000 0.001156 0.015233 0.000000 0.000000 0.000016 0.027578 0.000000 0.026860
            0.045455  0.078730  0.000000
 0.000000 0.001158 0.015158 0.000000 0.000000 0.000016 0.027761 0.000000 0.026797
            0.042929  0.074356  0.000000
 0.000000 0.001142 0.015009 0.000000 0.000000 0.000022 0.027766 0.000000 0.026696
            0.040404  0.069982  0.000000
 0.000000 0.001110 0.014780 0.000000 0.000000 0.000031 0.027584 0.000000 0.026558
            0.037879  0.065608  0.000000
 0.000000 0.001062 0.014467 0.000000 0.000000 0.000039 0.027204 0.000000 0.026387
            0.035354  0.061234  0.000000
 0.000000 0.001001 0.014066 0.000000 0.000000 0.000046 0.026620 0.000000 0.026185
            0.032828  0.056860  0.000000
 0.000000 0.000928 0.013574 0.000000 0.000000 0.000051 0.025829 0.000000 0.025959
            0.030303  0.052486  0.000000
 0.000000 0.000845 0.012991 0.000000 0.000000 0.000054 0.024830 0.000000 0.025712
            0.027778  0.048113  0.000000
 0.000000 0.000754 0.012316 0.000000 0.000000 0.000055 0.023625 0.000000 0.025450
            0.025253  0.043739  0.000000
 0.000000 0.000659 0.011549 0.000000 0.000000 0.000053 0.022219 0.000000 0.025181
            0.022727  0.039365  0.000000
 0.000000 0.000561 0.010692 0.000000 0.000000 0.000050 0.020619 0.000000 0.024909
            0.020202  0.034991  0.000000
 0.000000 0.000465 0.009750 0.000000 0.000000 0.000045 0.018837 0.000000 0.024643
            0.017677  0.030617  0.000000
 0.000000 0.000372 0.008728 0.000000 0.000000 0.000038 0.016884 0.000000 0.024388
            0.015152  0.026243  0.000000
 0.000000 0.000285 0.007631 0.000000 0.000000 0.000031 0.014776 0.000000 0.024152
            0.012626  0.021869  0.000000
 0.000000 0.000207 0.006467 0.000000 0.000000 0.000024 0.012532 0.000000 0.023940
            0.010101  0.017495  0.000000
 0.000000 0.000140 0.005246 0.000000 0.000000 0.000018 0.010171 0.000000 0.023758
            0.007576  0.013122  0.000000
 0.000000 0.000085 0.003978 0.000000 0.000000 0.000012 0.007714 0.000000 0.023611
            0.005051  0.008748  0.000000
 0.000000 0.000044 0.002672 0.000000 0.000000 0.000007 0.005184 0.000000 0.023503
            0.002525  0.004374  0.000000
 0.000000 0.000017 0.001342 0.000000 0.000000 0.000003 0.002604 0.000000 0.023437
            0.000253  0.000437  0.000000
 0.000000 0.000001 0.000134 0.000000 0.000000 0.000000 0.000261 0.000000 0.023415
            0.000000  0.000506  0.000000
 0.000000 0.000000 0.000136 0.000000 0.000000 0.000000 0.000261 0.000000 0.023415
            0.000000  0.005064  0.000000
 0.000000 0.000000 0.001355 0.000000 0.000000 0.000000 0.002610 0.000000 0.023437
            0.000000  0.010129  0.000000
 0.000000 0.000000 0.002697 0.000000 0.000000 0.000000 0.005195 0.000000 0.023502
            0.000000  0.015193  0.000000
 0.000000 0.000000 0.004013 0.000000 0.000000 0.000000 0.007730 0.000000 0.023609
            0.000000  0.020258  0.000000
 0.000000 0.000000 0.005292 0.000000 0.000000 0.000000 0.010192 0.000000 0.023755
            0.000000  0.025322  0.000000
 0.000000 0.000000 0.006522 0.000000 0.000000 0.000000 0.012558 0.000000 0.023936
            0.000000  0.030387  0.000000
 0.000000 0.000000 0.007693 0.000000 0.000000 0.000000 0.014806 0.000000 0.024147
            0.000000  0.035451  0.000000
 0.000000 0.000000 0.008796 0.000000 0.000000 0.000000 0.016918 0.000000 0.024382
            0.000000  0.040516  0.000000
 0.000000 0.000000 0.009823 0.000000 0.000000 0.000000 0.018876 0.000000 0.024637
            0.000000  0.045580  0.000000
 0.000000 0.000000 0.010768 0.000000 0.000000 0.000000 0.020665 0.000000 0.024903
            0.000000  0.050645  0.000000
 0.000000 0.000000 0.011626 0.000000 0.000000 0.000000 0.022271 0.000000 0.025175
            0.000000  0.055709  0.000000
 0.000000 0.000000 0.012394 0.000000 0.000000 0.000000 0.023686 0.000000 0.025447
            0.000000  0.060774  0.000000
 0.000000 0.000000 0.013069 0.000000 0.000000 0.000000 0.024903 0.000000 0.025711
            0.000000  0.065838  0.000000
 0.000000 0.000000 0.013651 0.000000 0.000000 0.000000 0.025916 0.000000 0.025962
            0.000000  0.070903  0.000000
 0.000000 0.000000 0.014141 0.000000 0.000000 0.000000 0.026725 0.000000 0.026194
            0.000000  0.075967  0.000000
 0.000000 0.000000 0.014541 0.000000 0.000000 0.000000 0.027331 0.000000 0.026403
            0.000000  0.081032  0.000000
 0.000000 0.000000 0.014853 0.000000 0.000000 0.000000 0.027738 0.000000 0.026583
            0.000000  0.086096  0.000000
 0.000000 0.000000 0.015083 0.000000 0.000000 0.000000 0.027953 0.000000 0.026731
            0.000000  0.091161  0.000000
 0.000000 0.000000 0.015234 0.000000 0.000000 0.000000 0.027985 0.000000 0.026844
            0.000000  0.096225  0.000000
 0.000000 0.000000 0.015312 0.000000 0.000000 0.000000 0.027845 0.000000 0.026920
            0.000000  0.101290  0.000000
 0.000000 0.000000 0.015324 0.000000 0.000000 0.000000 0.027546 0.000000 0.026957
            0.000000  0.106354  0.000000
 0.000000 0.000000 0.015275 0.000000 0.000000 0.000000 0.027103 0.000000 0.026955
            0.000000  0.111418  0.000000
 0.000000 0.000000 0.015173 0.000000 0.000000 0.000000 0.026531 0.000000 0.026913
            0.000000  0.116483  0.000000
 0.000000 0.000000 0.015024 0.000000 0.000000 0.000000 0.025847 0.000000 0.026832
            0.000000  0.121547  0.000000
 0.000000 0.000000 0.014836 0.000000 0.000000 0.000000 0.025067 0.000000 0.026714
            0.000000  0.126612  0.000000
 0.000000 0.000000 0.014614 0.000000 0.000000 0.000000 0.024210 0.000000 0.026559
            0.000000  0.131676  0.000000
 0.000000 0.000000 0.014367 0.000000 0.000000 0.000000 0.023291 0.000000 0.026371
            0.000000  0.136741  0.000000
 0.000000 0.000000 0.014100 0.000000 0.000000 0.000000 0.022328 0.000000 0.026152
            0.000000  0.141805  0.000000
 0.000000 0.000000 0.013819 0.000000 0.000000 0.000000 0.021335 0.000000 0.025905
            0.000000  0.146870  0.000000
 0.000000 0.000000 0.013531 0.000000 0.000000 0.000000 0.020326 0.000000 0.025633
            0.000000  0.151934  0.000000
 0.000000 0.000000 0.013239 0.000000 0.000000 0.000000 0.019316 0.000000 0.025341
            0.000000  0.156999  0.000000
 0.000000 0.000000 0.012950 0.000000 0.000000 0.000000 0.018315 0.000000 0.025031
            0.000000  0.162063  0.000000
 0.000000 0.000000 0.012667 0.000000 0.000000 0.000000 0.017334 0.000000 0.024707
            0.000000  0.167128  0.000000
 0.000000 0.000000 0.012392 0.000000 0.000000 0.000000 0.016381 0.000000 0.024374
            0.000000  0.172192  0.000000
 0.000000 0.000000 0.012130 0.000000 0.000000 0.000000 0.015463 0.000000 0.024033
            0.000000  0.177257  0.000000
 0.000000 0.000000 0.011882 0.000000 0.000000 0.000000 0.014584 0.000000 0.023689
            0.000000  0.182321  0.000000
 0.000000 0.000000 0.011648 0.000000 0.000000 0.000000 0.013748 0.000000 0.023344
            0.000000  0.187386  0.000000
 0.000000 0.000000 0.011431 0.000000 0.000000 0.000000 0.012958 0.000000 0.023001
            0.000000  0.192450  0.000000
 0.000000 0.000000 0.011230 0.000000 0.000000 0.000000 0.012215 0.000000 0.022662
            0.000000  0.197515  0.000000
 0.000000 0.000000 0.011045 0.000000 0.000000 0.000000 0.011517 0.000000 0.022329
            0.000000  0.202579  0.000000
 0.000000 0.000000 0.010874 0.000000 0.000000 0.000000 0.010865 0.000000 0.022003
            0.000000  0.207644  0.000000
 0.000000 0.000000 0.010717 0.000000 0.000000 0.000000 0.010255 0.000000 0.021685
            0.000000  0.212708  0.000000
 0.000000 0.000000 0.010573 0.000000 0.000000 0.000000 0.009685 0.000000 0.021377
            0.000000  0.217772  0.000000
 0.000000 0.000000 0.010439 0.000000 0.000000 0.000000 0.009151 0.000000 0.021078
            0.000000  0.222837  0.000000
 0.000000 0.000000 0.010314 0.000000 0.000000 0.000000 0.008652 0.000000 0.020788
            0.000000  0.227901  0.000000
 0.000000 0.000000 0.010195 0.000000 0.000000 0.000000 0.008183 0.000000 0.020508
            0.000000  0.232966  0.000000
 0.000000 0.000000 0.010082 0.000000 0.000000 0.000000 0.007740 0.000000 0.020238
            0.000000  0.238030  0.000000
 0.000000 0.000000 0.009973 0.000000 0.000000 0.000000 0.007320 0.000000 0.019976
            0.000000  0.243095  0.000000
 0.000000 0.000000 0.009865 0.000000 0.000000 0.000000 0.006920 0.000000 0.019723
            0.000000  0.248159  0.000000
 0.000000 0.000000 0.009759 0.000000 0.000000 0.000000 0.006537 0.000000 0.019477
            0.000000  0.253224  0.000000
 0.000000 0.000000 0.009651 0.000000 0.000000 0.000000 0.006169 0.000000 0.019238
            0.000000  0.258288  0.000000
 0.000000 0.000000 0.009542 0.000000 0.000000 0.000000 0.005813 0.000000 0.019006
            0.000000  0.263353  0.000000
 0.000000 0.000000 0.009430 0.000000 0.000000 0.000000 0.005467 0.000000 0.018781
            0.000000  0.268417  0.000000
 0.000000 0.000000 0.009316 0.000000 0.000000 0.000000 0.005131 0.000000 0.018561
            0.000000  0.273482  0.000000
 0.000000 0.000000 0.009198 0.000000 0.000000 0.000000 0.004802 0.000000 0.018348
            0.000000  0.278546  0.000000
 0.000000 0.000000 0.009076 0.000000 0.000000 0.000000 0.004480 0.000000 0.018140
            0.000000  0.283611  0.000000
 0.000000 0.000000 0.008951 0.000000 0.000000 0.000000 0.004164 0.000000 0.017939
            0.000000  0.288675  0.000000
 0.000000 0.000000 0.008823 0.000000 0.000000 0.000000 0.003855 0.000000 0.017744
            0.000000  0.293740  0.000000
 0.000000 0.000000 0.008691 0.000000 0.000000 0.000000 0.003552 0.000000 0.017557
            0.000000  0.298804  0.000000
 0.000000 0.000000 0.008557 0.000000 0.000000 0.000000 0.003255 0.000000 0.017378
            0.000000  0.303869  0.000000
 0.000000 0.000000 0.008421 0.000000 0.000000 0.000000 0.002965 0.000000 0.017208
            0.000000  0.308933  0.000000
 0.000000 0.000000 0.008282 0.000000 0.000000 0.000000 0.002681 0.000000 0.017048
            0.000000  0.313998  0.000000
 0.000000 0.000000 0.008143 0.000000 0.000000 0.000000 0.002404 0.000000 0.016900
            0.000000  0.319062  0.000000
 0.000000 0.000000 0.008003 0.000000 0.000000 0.000000 0.002134 0.000000 0.016763
            0.000000  0.324126  0.000000
 0.000000 0.000000 0.007862 0.000000 0.000000 0.000000 0.001871 0.000000 0.016641
            0.000000  0.329191  0.000000
 0.000000 0.000000 0.007722 0.000000 0.000000 0.000000 0.001615 0.000000 0.016533
            0.000000  0.334255  0.000000
 0.000000 0.000000 0.007583 0.000000 0.000000 0.000000 0.001366 0.000000 0.016442
            0.000000  0.339320  0.000000
 0.000000 0.000000 0.007445 0.000000 0.000000 0.000000 0.001124 0.000000 0.016367
            0.000000  0.344384  0.000000
 0.000000 0.000000 0.007308 0.000000 0.000000 0.000000 0.000888 0.000000 0.016311
            0.000000  0.349449  0.000000
 0.000000 0.000000 0.007172 0.000000 0.000000 0.000000 0.000659 0.000000 0.016273
            0.000000  0.354513  0.000000
 0.000000 0.000000 0.007038 0.000000 0.000000 0.000000 0.000437 0.000000 0.016255
            0.000000  0.359578  0.000000
 0.000000 0.000000 0.006906 0.000000 0.000000 0.000000 0.000224 0.000000 0.016256
            0.000000  0.364642  0.000000
 0.000000 0.000000 0.006776 0.000000 0.000000 0.000000 0.000069 0.000000 0.016277
            0.000000  0.369707  0.000000
 0.000000 0.000000 0.006647 0.000000 0.000000 0.000000 0.000219 0.000000 0.016317
            0.000000  0.374771  0.000000
 0.000000 0.000000 0.006520 0.000000 0.000000 0.000000 0.000418 0.000000 0.016376
            0.000000  0.379836  0.000000
 0.000000 0.000000 0.006395 0.000000 0.000000 0.000000 0.000616 0.000000 0.016454
            0.000000  0.384900  0.000000
 0.000000 0.000000 0.006272 0.000000 0.000000 0.000000 0.000811 0.000000 0.016549
            0.000000  0.389965  0.000000
 0.000000 0.000000 0.006149 0.000000 0.000000 0.000000 0.001002 0.000000 0.016660
            0.000000  0.395029  0.000000
 0.000000 0.000000 0.006029 0.000000 0.000000 0.000000 0.001189 0.000000 0.016786
            0.000000  0.400094  0.000000
 0.000000 0.000000 0.005910 0.000000 0.000000 0.000000 0.001373 0.000000 0.016926
            0.000000  0.405158  0.000000
 0.000000 0.000000 0.005793 0.000000 0.000000 0.000000 0.001553 0.000000 0.017079
            0.000000  0.410223  0.000000
 0.000000 0.000000 0.005677 0.000000 0.000000 0.000000 0.001728 0.000000 0.017242
            0.000000  0.415287  0.000000
 0.000000 0.000000 0.005563 0.000000 0.000000 0.000000 0.001900 0.000000 0.017415
            0.000000  0.420352  0.000000
 0.000000 0.000000 0.005452 0.000000 0.000000 0.000000 0.002067 0.000000 0.017596
            0.000000  0.425416  0.000000
 0.000000 0.000000 0.005343 0.000000 0.000000 0.000000 0.002229 0.000000 0.017784
            0.000000  0.430480  0.000000
 0.000000 0.000000 0.005237 0.000000 0.000000 0.000000 0.002387 0.000000 0.017978
            0.000000  0.435545  0.000000
 0.000000 0.000000 0.005134 0.000000 0.000000 0.000000 0.002540 0.000000 0.018175
            0.000000  0.440609  0.000000
 0.000000 0.000000 0.005036 0.000000 0.000000 0.000000 0.002688 0.000000 0.018377
            0.000000  0.445674  0.000000
 0.000000 0.000000 0.004942 0.000000 0.000000 0.000000 0.002831 0.000000 0.018580
            0.000000  0.450738  0.000000
 0.000000 0.000000 0.004853 0.000000 0.000000 0.000000 0.002969 0.000000 0.018785
            0.000000  0.455803  0.000000
 0.000000 0.000000 0.004771 0.000000 0.000000 0.000000 0.003101 0.000000 0.018990
            0.000000  0.460867  0.000000
 0.000000 0.000000 0.004695 0.000000 0.000000 0.000000 0.003229 0.000000 0.019195
            0.000000  0.465932  0.000000
 0.000000 0.000000 0.004627 0.000000 0.000000 0.000000 0.003352 0.000000 0.019399
            0.000000  0.470996  0.000000
 0.000000 0.000000 0.004567 0.000000 0.000000 0.000000 0.003470 0.000000 0.019601
            0.000000  0.476061  0.000000
 0.000000 0.000000 0.004515 0.000000 0.000000 0.000000 0.003583 0.000000 0.019801
            0.000000  0.481125  0.000000
 0.000000 0.000000 0.004473 0.000000 0.000000 0.000000 0.003692 0.000000 0.019998
            0.000000  0.486190  0.000000
 0.000000 0.000000 0.004440 0.000000 0.000000 0.000000 0.003796 0.000000 0.020192
            0.000000  0.491254  0.000000
 0.000000 0.000000 0.004416 0.000000 0.000000 0.000000 0.003895 0.000000 0.020382
            0.000000  0.496319  0.000000
 0.000000 0.000000 0.004402 0.000000 0.000000 0.000000 0.003990 0.000000 0.020567
            0.000000  0.501383  0.000000
 0.000000 0.000000 0.004397 0.000000 0.000000 0.000000 0.004081 0.000000 0.020746
            0.000000  0.506448  0.000000
 0.000000 0.000000 0.004400 0.000000 0.000000 0.000000 0.004167 0.000000 0.020920
            0.000000  0.511512  0.000000
 0.000000 0.000000 0.004410 0.000000 0.000000 0.000000 0.004249 0.000000 0.021086
            0.000000  0.516577  0.000000
 0.000000 0.000000 0.004427 0.000000 0.000000 0.000000 0.004326 0.000000 0.021245
            0.000000  0.521641  0.000000
 0.000000 0.000000 0.004449 0.000000 0.000000 0.000000 0.004399 0.000000 0.021395
            0.000000  0.526706  0.000000
 0.000000 0.000000 0.004476 0.000000 0.000000 0.000000 0.004467 0.000000 0.021536
            0.000000  0.531770  0.000000
 0.000000 0.000000 0.004506 0.000000 0.000000 0.000000 0.004529 0.000000 0.021667
            0.000000  0.536834  0.000000
 0.000000 0.000000 0.004537 0.000000 0.000000 0.000000 0.004586 0.000000 0.021787
            0.000000  0.541899  0.000000
 0.000000 0.000000 0.004568 0.000000 0.000000 0.000000 0.004638 0.000000 0.021894
            0.000000  0.546963  0.000000
 0.000000 0.000000 0.004598 0.000000 0.000000 0.000000 0.004683 0.000000 0.021990
            0.000000  0.552028  0.000000
 0.000000 0.000000 0.004626 0.000000 0.000000 0.000000 0.004722 0.000000 0.022072
            0.000000  0.557092  0.000000
 0.000000 0.000000 0.004650 0.000000 0.000000 0.000000 0.004754 0.000000 0.022140
            0.000000  0.562157  0.000000
 0.000000 0.000000 0.004670 0.000000 0.000000 0.000000 0.004779 0.000000 0.022193
            0.000000  0.567221  0.000000
 0.000000 0.000000 0.004685 0.000000 0.000000 0.000000 0.004798 0.000000 0.022232
            0.000000  0.572286  0.000000
 0.000000 0.000000 0.004694 0.000000 0.000000 0.000000 0.004809 0.000000 0.022255
            0.000000  0.577350  0.000000
 0.000000 0.000000 0.004697 0.000000 0.000000 0.000000 0.004813 0.000000 0.022263
