 &plot nbnd=   9, nks=   248 /
            0.333333  0.577350  0.000000
 0.000000 0.012692 0.000000 0.000000 0.012599 0.000000 0.000000 0.000000 0.000000
            0.330808  0.572976  0.000000
 0.000000 0.012685 0.000165 0.000000 0.012602 0.000000 0.000088 0.000000 0.000153
            0.328283  0.568603  0.000000
 0.000000 0.012661 0.000321 0.000000 0.012609 0.000000 0.000173 0.000000 0.000284
            0.325758  0.564229  0.000000
 0.000000 0.012622 0.000469 0.000000 0.012621 0.000000 0.000255 0.000000 0.000393
            0.323232  0.559855  0.000000
 0.000000 0.012567 0.000609 0.000000 0.012637 0.000000 0.000333 0.000000 0.000478
            0.320707  0.555481  0.000000
 0.000000 0.012499 0.000740 0.000000 0.012659 0.000000 0.000407 0.000000 0.000541
            0.318182  0.551107  0.000000
 0.000000 0.012417 0.000861 0.000000 0.012684 0.000000 0.000477 0.000000 0.000583
            0.315657  0.546733  0.000000
 0.000000 0.012324 0.000975 0.000000 0.012713 0.000000 0.000543 0.000000 0.000603
            0.313131  0.542359  0.000000
 0.000000 0.012221 0.001079 0.000000 0.012746 0.000000 0.000607 0.000000 0.000602
            0.310606  0.537985  0.000000
 0.000000 0.012109 0.001176 0.000000 0.012781 0.000000 0.000668 0.000000 0.000581
            0.308081  0.533612  0.000000
 0.000000 0.011989 0.001265 0.000000 0.012819 0.000000 0.000728 0.000000 0.000541
            0.305556  0.529238  0.000000
 0.000000 0.011862 0.001347 0.000000 0.012858 0.000000 0.000787 0.000000 0.000482
            0.303030  0.524864  0.000000
 0.000000 0.011730 0.001422 0.000000 0.012899 0.000000 0.000846 0.000000 0.000406
            0.300505  0.520490  0.000000
 0.000000 0.011594 0.001490 0.000000 0.012941 0.000000 0.000905 0.000000 0.000313
            0.297980  0.516116  0.000000
 0.000000 0.011454 0.001553 0.000000 0.012983 0.000000 0.000965 0.000000 0.000204
            0.295455  0.511742  0.000000
 0.000000 0.011310 0.001610 0.000000 0.013025 0.000000 0.001027 0.000000 0.000080
            0.292929  0.507368  0.000000
 0.000000 0.011165 0.001662 0.000000 0.013067 0.000000 0.001090 0.000000 0.000059
            0.290404  0.502995  0.000000
 0.000000 0.011017 0.001710 0.000000 0.013107 0.000000 0.001157 0.000000 0.000211
            0.287879  0.498621  0.000000
 0.000000 0.010868 0.001754 0.000000 0.013147 0.000000 0.001226 0.000000 0.000376
            0.285354  0.494247  0.000000
 0.000000 0.010717 0.001794 0.000000 0.013185 0.000000 0.001299 0.000000 0.000553
            0.282828  0.489873  0.000000
 0.000000 0.010566 0.001831 0.000000 0.013222 0.000000 0.001374 0.000000 0.000742
            0.280303  0.485499  0.000000
 0.000000 0.010413 0.001864 0.000000 0.013257 0.000000 0.001453 0.000000 0.000942
            0.277778  0.481125  0.000000
 0.000000 0.010260 0.001895 0.000000 0.013289 0.000000 0.001536 0.000000 0.001152
            0.275253  0.476751  0.000000
 0.000000 0.010107 0.001923 0.000000 0.013319 0.000000 0.001622 0.000000 0.001373
            0.272727  0.472377  0.000000
 0.000000 0.009953 0.001949 0.000000 0.013346 0.000000 0.001711 0.000000 0.001602
            0.270202  0.468004  0.000000
 0.000000 0.009799 0.001973 0.000000 0.013370 0.000000 0.001804 0.000000 0.001840
            0.267677  0.463630  0.000000
 0.000000 0.009645 0.001994 0.000000 0.013391 0.000000 0.001900 0.000000 0.002086
            0.265152  0.459256  0.000000
 0.000000 0.009491 0.002014 0.000000 0.013408 0.000000 0.001999 0.000000 0.002340
            0.262626  0.454882  0.000000
 0.000000 0.009336 0.002032 0.000000 0.013422 0.000000 0.002101 0.000000 0.002601
            0.260101  0.450508  0.000000
 0.000000 0.009181 0.002049 0.000000 0.013433 0.000000 0.002206 0.000000 0.002868
            0.257576  0.446134  0.000000
 0.000000 0.009026 0.002064 0.000000 0.013439 0.000000 0.002313 0.000000 0.003142
            0.255051  0.441760  0.000000
 0.000000 0.008871 0.002077 0.000000 0.013441 0.000000 0.002422 0.000000 0.003421
            0.252525  0.437387  0.000000
 0.000000 0.008716 0.002090 0.000000 0.013439 0.000000 0.002534 0.000000 0.003705
            0.250000  0.433013  0.000000
 0.000000 0.008560 0.002101 0.000000 0.013432 0.000000 0.002648 0.000000 0.003994
            0.247475  0.428639  0.000000
 0.000000 0.008404 0.002112 0.000000 0.013420 0.000000 0.002764 0.000000 0.004287
            0.244949  0.424265  0.000000
 0.000000 0.008247 0.002121 0.000000 0.013403 0.000000 0.002882 0.000000 0.004584
            0.242424  0.419891  0.000000
 0.000000 0.008089 0.002129 0.000000 0.013380 0.000000 0.003001 0.000000 0.004884
            0.239899  0.415517  0.000000
 0.000000 0.007931 0.002137 0.000000 0.013352 0.000000 0.003122 0.000000 0.005187
            0.237374  0.411143  0.000000
 0.000000 0.007771 0.002143 0.000000 0.013318 0.000000 0.003245 0.000000 0.005492
            0.234848  0.406770  0.000000
 0.000000 0.007610 0.002149 0.000000 0.013277 0.000000 0.003369 0.000000 0.005800
            0.232323  0.402396  0.000000
 0.000000 0.007448 0.002154 0.000000 0.013230 0.000000 0.003495 0.000000 0.006110
            0.229798  0.398022  0.000000
 0.000000 0.007284 0.002158 0.000000 0.013175 0.000000 0.003622 0.000000 0.006421
            0.227273  0.393648  0.000000
 0.000000 0.007118 0.002162 0.000000 0.013113 0.000000 0.003751 0.000000 0.006733
            0.224747  0.389274  0.000000
 0.000000 0.006950 0.002164 0.000000 0.013042 0.000000 0.003881 0.000000 0.007046
            0.222222  0.384900  0.000000
 0.000000 0.006781 0.002165 0.000000 0.012963 0.000000 0.004012 0.000000 0.007360
            0.219697  0.380526  0.000000
 0.000000 0.006610 0.002166 0.000000 0.012876 0.000000 0.004145 0.000000 0.007675
            0.217172  0.376152  0.000000
 0.000000 0.006436 0.002164 0.000000 0.012778 0.000000 0.004279 0.000000 0.007989
            0.214646  0.371779  0.000000
 0.000000 0.006261 0.002161 0.000000 0.012672 0.000000 0.004413 0.000000 0.008304
            0.212121  0.367405  0.000000
 0.000000 0.006085 0.002157 0.000000 0.012555 0.000000 0.004549 0.000000 0.008619
            0.209596  0.363031  0.000000
 0.000000 0.005907 0.002150 0.000000 0.012427 0.000000 0.004685 0.000000 0.008934
            0.207071  0.358657  0.000000
 0.000000 0.005727 0.002142 0.000000 0.012289 0.000000 0.004821 0.000000 0.009249
            0.204545  0.354283  0.000000
 0.000000 0.005547 0.002130 0.000000 0.012139 0.000000 0.004958 0.000000 0.009563
            0.202020  0.349909  0.000000
 0.000000 0.005366 0.002117 0.000000 0.011979 0.000000 0.005094 0.000000 0.009877
            0.199495  0.345535  0.000000
 0.000000 0.005185 0.002100 0.000000 0.011807 0.000000 0.005230 0.000000 0.010190
            0.196970  0.341162  0.000000
 0.000000 0.005004 0.002080 0.000000 0.011624 0.000000 0.005365 0.000000 0.010503
            0.194444  0.336788  0.000000
 0.000000 0.004825 0.002056 0.000000 0.011429 0.000000 0.005499 0.000000 0.010815
            0.191919  0.332414  0.000000
 0.000000 0.004647 0.002029 0.000000 0.011223 0.000000 0.005632 0.000000 0.011127
            0.189394  0.328040  0.000000
 0.000000 0.004470 0.001998 0.000000 0.011006 0.000000 0.005762 0.000000 0.011437
            0.186869  0.323666  0.000000
 0.000000 0.004297 0.001963 0.000000 0.010779 0.000000 0.005890 0.000000 0.011747
            0.184343  0.319292  0.000000
 0.000000 0.004127 0.001924 0.000000 0.010542 0.000000 0.006015 0.000000 0.012057
            0.181818  0.314918  0.000000
 0.000000 0.003960 0.001881 0.000000 0.010295 0.000000 0.006137 0.000000 0.012365
            0.179293  0.310544  0.000000
 0.000000 0.003799 0.001833 0.000000 0.010039 0.000000 0.006256 0.000000 0.012673
            0.176768  0.306171  0.000000
 0.000000 0.003642 0.001782 0.000000 0.009775 0.000000 0.006370 0.000000 0.012980
            0.174242  0.301797  0.000000
 0.000000 0.003491 0.001726 0.000000 0.009504 0.000000 0.006480 0.000000 0.013286
            0.171717  0.297423  0.000000
 0.000000 0.003347 0.001666 0.000000 0.009227 0.000000 0.006585 0.000000 0.013592
            0.169192  0.293049  0.000000
 0.000000 0.003209 0.001602 0.000000 0.008945 0.000000 0.006686 0.000000 0.013898
            0.166667  0.288675  0.000000
 0.000000 0.003079 0.001533 0.000000 0.008659 0.000000 0.006781 0.000000 0.014204
            0.164141  0.284301  0.000000
 0.000000 0.002957 0.001461 0.000000 0.008369 0.000000 0.006870 0.000000 0.014509
            0.161616  0.279927  0.000000
 0.000000 0.002842 0.001384 0.000000 0.008078 0.000000 0.006953 0.000000 0.014815
            0.159091  0.275554  0.000000
 0.000000 0.002736 0.001303 0.000000 0.007787 0.000000 0.007031 0.000000 0.015121
            0.156566  0.271180  0.000000
 0.000000 0.002639 0.001217 0.000000 0.007497 0.000000 0.007101 0.000000 0.015427
            0.154040  0.266806  0.000000
 0.000000 0.002550 0.001127 0.000000 0.007208 0.000000 0.007166 0.000000 0.015735
            0.151515  0.262432  0.000000
 0.000000 0.002471 0.001031 0.000000 0.006923 0.000000 0.007223 0.000000 0.016043
            0.148990  0.258058  0.000000
 0.000000 0.002399 0.000930 0.000000 0.006643 0.000000 0.007274 0.000000 0.016352
            0.146465  0.253684  0.000000
 0.000000 0.002337 0.000821 0.000000 0.006369 0.000000 0.007318 0.000000 0.016663
            0.143939  0.249310  0.000000
 0.000000 0.002282 0.000706 0.000000 0.006101 0.000000 0.007354 0.000000 0.016976
            0.141414  0.244936  0.000000
 0.000000 0.002233 0.000581 0.000000 0.005842 0.000000 0.007383 0.000000 0.017291
            0.138889  0.240563  0.000000
 0.000000 0.002191 0.000447 0.000000 0.005592 0.000000 0.007404 0.000000 0.017608
            0.136364  0.236189  0.000000
 0.000000 0.002152 0.000301 0.000000 0.005352 0.000000 0.007417 0.000000 0.017927
            0.133838  0.231815  0.000000
 0.000000 0.002114 0.000144 0.000000 0.005123 0.000000 0.007422 0.000000 0.018248
            0.131313  0.227441  0.000000
 0.000000 0.002073 0.000030 0.000000 0.004907 0.000000 0.007419 0.000000 0.018572
            0.128788  0.223067  0.000000
 0.000000 0.002028 0.000208 0.000000 0.004702 0.000000 0.007407 0.000000 0.018899
            0.126263  0.218693  0.000000
 0.000000 0.001973 0.000397 0.000000 0.004512 0.000000 0.007387 0.000000 0.019228
            0.123737  0.214319  0.000000
 0.000000 0.001907 0.000590 0.000000 0.004334 0.000000 0.007358 0.000000 0.019560
            0.121212  0.209946  0.000000
 0.000000 0.001830 0.000780 0.000000 0.004171 0.000000 0.007319 0.000000 0.019895
            0.118687  0.205572  0.000000
 0.000000 0.001743 0.000963 0.000000 0.004022 0.000000 0.007272 0.000000 0.020232
            0.116162  0.201198  0.000000
 0.000000 0.001649 0.001134 0.000000 0.003888 0.000000 0.007214 0.000000 0.020572
            0.113636  0.196824  0.000000
 0.000000 0.001553 0.001291 0.000000 0.003767 0.000000 0.007147 0.000000 0.020914
            0.111111  0.192450  0.000000
 0.000000 0.001457 0.001435 0.000000 0.003659 0.000000 0.007071 0.000000 0.021259
            0.108586  0.188076  0.000000
 0.000000 0.001364 0.001565 0.000000 0.003565 0.000000 0.006984 0.000000 0.021605
            0.106061  0.183702  0.000000
 0.000000 0.001275 0.001685 0.000000 0.003482 0.000000 0.006887 0.000000 0.021953
            0.103535  0.179328  0.000000
 0.000000 0.001190 0.001795 0.000000 0.003411 0.000000 0.006781 0.000000 0.022302
            0.101010  0.174955  0.000000
 0.000000 0.001110 0.001896 0.000000 0.003348 0.000000 0.006666 0.000000 0.022652
            0.098485  0.170581  0.000000
 0.000000 0.001035 0.001990 0.000000 0.003294 0.000000 0.006541 0.000000 0.023003
            0.095960  0.166207  0.000000
 0.000000 0.000964 0.002076 0.000000 0.003245 0.000000 0.006408 0.000000 0.023353
            0.093434  0.161833  0.000000
 0.000000 0.000897 0.002155 0.000000 0.003201 0.000000 0.006267 0.000000 0.023702
            0.090909  0.157459  0.000000
 0.000000 0.000834 0.002227 0.000000 0.003158 0.000000 0.006119 0.000000 0.024050
            0.088384  0.153085  0.000000
 0.000000 0.000775 0.002293 0.000000 0.003115 0.000000 0.005965 0.000000 0.024397
            0.085859  0.148711  0.000000
 0.000000 0.000719 0.002351 0.000000 0.003071 0.000000 0.005806 0.000000 0.024740
            0.083333  0.144338  0.000000
 0.000000 0.000666 0.002401 0.000000 0.003022 0.000000 0.005643 0.000000 0.025081
            0.080808  0.139964  0.000000
 0.000000 0.000615 0.002444 0.000000 0.002969 0.000000 0.005476 0.000000 0.025417
            0.078283  0.135590  0.000000
 0.000000 0.000568 0.002478 0.000000 0.002910 0.000000 0.005308 0.000000 0.025749
            0.075758  0.131216  0.000000
 0.000000 0.000523 0.002505 0.000000 0.002843 0.000000 0.005138 0.000000 0.026076
            0.073232  0.126842  0.000000
 0.000000 0.000480 0.002523 0.000000 0.002770 0.000000 0.004967 0.000000 0.026396
            0.070707  0.122468  0.000000
 0.000000 0.000440 0.002532 0.000000 0.002689 0.000000 0.004797 0.000000 0.026710
            0.068182  0.118094  0.000000
 0.000000 0.000402 0.002532 0.000000 0.002600 0.000000 0.004627 0.000000 0.027017
            0.065657  0.113721  0.000000
 0.000000 0.000367 0.002524 0.000000 0.002504 0.000000 0.004458 0.000000 0.027316
            0.063131  0.109347  0.000000
 0.000000 0.000333 0.002506 0.000000 0.002402 0.000000 0.004289 0.000000 0.027606
            0.060606  0.104973  0.000000
 0.000000 0.000302 0.002480 0.000000 0.002294 0.000000 0.004122 0.000000 0.027888
            0.058081  0.100599  0.000000
 0.000000 0.000273 0.002446 0.000000 0.002181 0.000000 0.003956 0.000000 0.028160
            0.055556  0.096225  0.000000
 0.000000 0.000245 0.002402 0.000000 0.002063 0.000000 0.003791 0.000000 0.028422
            0.053030  0.091851  0.000000
 0.000000 0.000220 0.002351 0.000000 0.001942 0.000000 0.003627 0.000000 0.028673
            0.050505  0.087477  0.000000
 0.000000 0.000196 0.002291 0.000000 0.001818 0.000000 0.003464 0.000000 0.028915
            0.047980  0.083103  0.000000
 0.000000 0.000174 0.002224 0.000000 0.001692 0.000000 0.003302 0.000000 0.029145
            0.045455  0.078730  0.000000
 0.000000 0.000154 0.002149 0.000000 0.001564 0.000000 0.003139 0.000000 0.029365
            0.042929  0.074356  0.000000
 0.000000 0.000135 0.002067 0.000000 0.001437 0.000000 0.002977 0.000000 0.029573
            0.040404  0.069982  0.000000
 0.000000 0.000118 0.001979 0.000000 0.001310 0.000000 0.002815 0.000000 0.029769
            0.037879  0.065608  0.000000
 0.000000 0.000102 0.001884 0.000000 0.001184 0.000000 0.002652 0.000000 0.029955
            0.035354  0.061234  0.000000
 0.000000 0.000088 0.001784 0.000000 0.001060 0.000000 0.002488 0.000000 0.030128
            0.032828  0.056860  0.000000
 0.000000 0.000075 0.001678 0.000000 0.000938 0.000000 0.002324 0.000000 0.030290
            0.030303  0.052486  0.000000
 0.000000 0.000063 0.001567 0.000000 0.000821 0.000000 0.002158 0.000000 0.030440
            0.027778  0.048113  0.000000
 0.000000 0.000052 0.001452 0.000000 0.000707 0.000000 0.001990 0.000000 0.030578
            0.025253  0.043739  0.000000
 0.000000 0.000043 0.001333 0.000000 0.000598 0.000000 0.001821 0.000000 0.030704
            0.022727  0.039365  0.000000
 0.000000 0.000034 0.001209 0.000000 0.000496 0.000000 0.001649 0.000000 0.030819
            0.020202  0.034991  0.000000
 0.000000 0.000027 0.001083 0.000000 0.000400 0.000000 0.001475 0.000000 0.030921
            0.017677  0.030617  0.000000
 0.000000 0.000021 0.000954 0.000000 0.000312 0.000000 0.001298 0.000000 0.031011
            0.015152  0.026243  0.000000
 0.000000 0.000016 0.000822 0.000000 0.000234 0.000000 0.001119 0.000000 0.031090
            0.012626  0.021869  0.000000
 0.000000 0.000011 0.000688 0.000000 0.000165 0.000000 0.000937 0.000000 0.031156
            0.010101  0.017495  0.000000
 0.000000 0.000007 0.000553 0.000000 0.000107 0.000000 0.000753 0.000000 0.031210
            0.007576  0.013122  0.000000
 0.000000 0.000005 0.000416 0.000000 0.000061 0.000000 0.000567 0.000000 0.031253
            0.005051  0.008748  0.000000
 0.000000 0.000003 0.000278 0.000000 0.000027 0.000000 0.000379 0.000000 0.031283
            0.002525  0.004374  0.000000
 0.000000 0.000001 0.000139 0.000000 0.000007 0.000000 0.000190 0.000000 0.031301
            0.000253  0.000437  0.000000
 0.000000 0.000000 0.000014 0.000000 0.000000 0.000000 0.000019 0.000000 0.031307
            0.000000  0.000506  0.000000
 0.000000 0.000000 0.000014 0.000000 0.000000 0.000000 0.000019 0.000000 0.031307
            0.000000  0.005064  0.000000
 0.000000 0.000000 0.000140 0.000000 0.000000 0.000000 0.000190 0.000000 0.031301
            0.000000  0.010129  0.000000
 0.000000 0.000000 0.000280 0.000000 0.000000 0.000000 0.000379 0.000000 0.031283
            0.000000  0.015193  0.000000
 0.000000 0.000000 0.000418 0.000000 0.000000 0.000000 0.000569 0.000000 0.031252
            0.000000  0.020258  0.000000
 0.000000 0.000000 0.000556 0.000000 0.000000 0.000000 0.000760 0.000000 0.031209
            0.000000  0.025322  0.000000
 0.000000 0.000000 0.000692 0.000000 0.000000 0.000000 0.000951 0.000000 0.031155
            0.000000  0.030387  0.000000
 0.000000 0.000000 0.000826 0.000000 0.000000 0.000000 0.001142 0.000000 0.031087
            0.000000  0.035451  0.000000
 0.000000 0.000000 0.000958 0.000000 0.000000 0.000000 0.001335 0.000000 0.031008
            0.000000  0.040516  0.000000
 0.000000 0.000000 0.001087 0.000000 0.000000 0.000000 0.001528 0.000000 0.030917
            0.000000  0.045580  0.000000
 0.000000 0.000000 0.001213 0.000000 0.000000 0.000000 0.001723 0.000000 0.030813
            0.000000  0.050645  0.000000
 0.000000 0.000000 0.001336 0.000000 0.000000 0.000000 0.001918 0.000000 0.030698
            0.000000  0.055709  0.000000
 0.000000 0.000000 0.001455 0.000000 0.000000 0.000000 0.002115 0.000000 0.030570
            0.000000  0.060774  0.000000
 0.000000 0.000000 0.001569 0.000000 0.000000 0.000000 0.002312 0.000000 0.030431
            0.000000  0.065838  0.000000
 0.000000 0.000000 0.001678 0.000000 0.000000 0.000000 0.002511 0.000000 0.030279
            0.000000  0.070903  0.000000
 0.000000 0.000000 0.001783 0.000000 0.000000 0.000000 0.002711 0.000000 0.030115
            0.000000  0.075967  0.000000
 0.000000 0.000000 0.001881 0.000000 0.000000 0.000000 0.002912 0.000000 0.029939
            0.000000  0.081032  0.000000
 0.000000 0.000000 0.001974 0.000000 0.000000 0.000000 0.003114 0.000000 0.029752
            0.000000  0.086096  0.000000
 0.000000 0.000000 0.002061 0.000000 0.000000 0.000000 0.003318 0.000000 0.029553
            0.000000  0.091161  0.000000
 0.000000 0.000000 0.002140 0.000000 0.000000 0.000000 0.003521 0.000000 0.029342
            0.000000  0.096225  0.000000
 0.000000 0.000000 0.002212 0.000000 0.000000 0.000000 0.003726 0.000000 0.029119
            0.000000  0.101290  0.000000
 0.000000 0.000000 0.002277 0.000000 0.000000 0.000000 0.003931 0.000000 0.028885
            0.000000  0.106354  0.000000
 0.000000 0.000000 0.002334 0.000000 0.000000 0.000000 0.004136 0.000000 0.028640
            0.000000  0.111418  0.000000
 0.000000 0.000000 0.002382 0.000000 0.000000 0.000000 0.004341 0.000000 0.028384
            0.000000  0.116483  0.000000
 0.000000 0.000000 0.002421 0.000000 0.000000 0.000000 0.004546 0.000000 0.028118
            0.000000  0.121547  0.000000
 0.000000 0.000000 0.002451 0.000000 0.000000 0.000000 0.004750 0.000000 0.027841
            0.000000  0.126612  0.000000
 0.000000 0.000000 0.002472 0.000000 0.000000 0.000000 0.004952 0.000000 0.027554
            0.000000  0.131676  0.000000
 0.000000 0.000000 0.002483 0.000000 0.000000 0.000000 0.005153 0.000000 0.027259
            0.000000  0.136741  0.000000
 0.000000 0.000000 0.002485 0.000000 0.000000 0.000000 0.005352 0.000000 0.026954
            0.000000  0.141805  0.000000
 0.000000 0.000000 0.002477 0.000000 0.000000 0.000000 0.005549 0.000000 0.026641
            0.000000  0.146870  0.000000
 0.000000 0.000000 0.002459 0.000000 0.000000 0.000000 0.005743 0.000000 0.026321
            0.000000  0.151934  0.000000
 0.000000 0.000000 0.002431 0.000000 0.000000 0.000000 0.005933 0.000000 0.025993
            0.000000  0.156999  0.000000
 0.000000 0.000000 0.002394 0.000000 0.000000 0.000000 0.006119 0.000000 0.025659
            0.000000  0.162063  0.000000
 0.000000 0.000000 0.002347 0.000000 0.000000 0.000000 0.006300 0.000000 0.025320
            0.000000  0.167128  0.000000
 0.000000 0.000000 0.002292 0.000000 0.000000 0.000000 0.006476 0.000000 0.024975
            0.000000  0.172192  0.000000
 0.000000 0.000000 0.002229 0.000000 0.000000 0.000000 0.006647 0.000000 0.024626
            0.000000  0.177257  0.000000
 0.000000 0.000000 0.002157 0.000000 0.000000 0.000000 0.006811 0.000000 0.024274
            0.000000  0.182321  0.000000
 0.000000 0.000000 0.002080 0.000000 0.000000 0.000000 0.006968 0.000000 0.023919
            0.000000  0.187386  0.000000
 0.000000 0.000000 0.001996 0.000000 0.000000 0.000000 0.007118 0.000000 0.023562
            0.000000  0.192450  0.000000
 0.000000 0.000000 0.001907 0.000000 0.000000 0.000000 0.007261 0.000000 0.023204
            0.000000  0.197515  0.000000
 0.000000 0.000000 0.001814 0.000000 0.000000 0.000000 0.007395 0.000000 0.022845
            0.000000  0.202579  0.000000
 0.000000 0.000000 0.001718 0.000000 0.000000 0.000000 0.007520 0.000000 0.022486
            0.000000  0.207644  0.000000
 0.000000 0.000000 0.001621 0.000000 0.000000 0.000000 0.007637 0.000000 0.022128
            0.000000  0.212708  0.000000
 0.000000 0.000000 0.001523 0.000000 0.000000 0.000000 0.007744 0.000000 0.021771
            0.000000  0.217772  0.000000
 0.000000 0.000000 0.001425 0.000000 0.000000 0.000000 0.007843 0.000000 0.021416
            0.000000  0.222837  0.000000
 0.000000 0.000000 0.001330 0.000000 0.000000 0.000000 0.007931 0.000000 0.021064
            0.000000  0.227901  0.000000
 0.000000 0.000000 0.001237 0.000000 0.000000 0.000000 0.008011 0.000000 0.020715
            0.000000  0.232966  0.000000
 0.000000 0.000000 0.001148 0.000000 0.000000 0.000000 0.008081 0.000000 0.020369
            0.000000  0.238030  0.000000
 0.000000 0.000000 0.001064 0.000000 0.000000 0.000000 0.008143 0.000000 0.020028
            0.000000  0.243095  0.000000
 0.000000 0.000000 0.000985 0.000000 0.000000 0.000000 0.008195 0.000000 0.019692
            0.000000  0.248159  0.000000
 0.000000 0.000000 0.000912 0.000000 0.000000 0.000000 0.008238 0.000000 0.019362
            0.000000  0.253224  0.000000
 0.000000 0.000000 0.000846 0.000000 0.000000 0.000000 0.008273 0.000000 0.019037
            0.000000  0.258288  0.000000
 0.000000 0.000000 0.000787 0.000000 0.000000 0.000000 0.008299 0.000000 0.018719
            0.000000  0.263353  0.000000
 0.000000 0.000000 0.000734 0.000000 0.000000 0.000000 0.008318 0.000000 0.018408
            0.000000  0.268417  0.000000
 0.000000 0.000000 0.000689 0.000000 0.000000 0.000000 0.008329 0.000000 0.018105
            0.000000  0.273482  0.000000
 0.000000 0.000000 0.000649 0.000000 0.000000 0.000000 0.008332 0.000000 0.017810
            0.000000  0.278546  0.000000
 0.000000 0.000000 0.000615 0.000000 0.000000 0.000000 0.008329 0.000000 0.017524
            0.000000  0.283611  0.000000
 0.000000 0.000000 0.000586 0.000000 0.000000 0.000000 0.008319 0.000000 0.017246
            0.000000  0.288675  0.000000
 0.000000 0.000000 0.000561 0.000000 0.000000 0.000000 0.008304 0.000000 0.016979
            0.000000  0.293740  0.000000
 0.000000 0.000000 0.000539 0.000000 0.000000 0.000000 0.008282 0.000000 0.016722
            0.000000  0.298804  0.000000
 0.000000 0.000000 0.000520 0.000000 0.000000 0.000000 0.008256 0.000000 0.016476
            0.000000  0.303869  0.000000
 0.000000 0.000000 0.000501 0.000000 0.000000 0.000000 0.008225 0.000000 0.016242
            0.000000  0.308933  0.000000
 0.000000 0.000000 0.000484 0.000000 0.000000 0.000000 0.008189 0.000000 0.016020
            0.000000  0.313998  0.000000
 0.000000 0.000000 0.000468 0.000000 0.000000 0.000000 0.008149 0.000000 0.015811
            0.000000  0.319062  0.000000
 0.000000 0.000000 0.000453 0.000000 0.000000 0.000000 0.008107 0.000000 0.015615
            0.000000  0.324126  0.000000
 0.000000 0.000000 0.000441 0.000000 0.000000 0.000000 0.008061 0.000000 0.015434
            0.000000  0.329191  0.000000
 0.000000 0.000000 0.000431 0.000000 0.000000 0.000000 0.008012 0.000000 0.015267
            0.000000  0.334255  0.000000
 0.000000 0.000000 0.000427 0.000000 0.000000 0.000000 0.007962 0.000000 0.015116
            0.000000  0.339320  0.000000
 0.000000 0.000000 0.000430 0.000000 0.000000 0.000000 0.007909 0.000000 0.014980
            0.000000  0.344384  0.000000
 0.000000 0.000000 0.000443 0.000000 0.000000 0.000000 0.007856 0.000000 0.014862
            0.000000  0.349449  0.000000
 0.000000 0.000000 0.000467 0.000000 0.000000 0.000000 0.007801 0.000000 0.014760
            0.000000  0.354513  0.000000
 0.000000 0.000000 0.000505 0.000000 0.000000 0.000000 0.007746 0.000000 0.014676
            0.000000  0.359578  0.000000
 0.000000 0.000000 0.000557 0.000000 0.000000 0.000000 0.007691 0.000000 0.014610
            0.000000  0.364642  0.000000
 0.000000 0.000000 0.000622 0.000000 0.000000 0.000000 0.007636 0.000000 0.014562
            0.000000  0.369707  0.000000
 0.000000 0.000000 0.000700 0.000000 0.000000 0.000000 0.007581 0.000000 0.014532
            0.000000  0.374771  0.000000
 0.000000 0.000000 0.000789 0.000000 0.000000 0.000000 0.007527 0.000000 0.014521
            0.000000  0.379836  0.000000
 0.000000 0.000000 0.000889 0.000000 0.000000 0.000000 0.007474 0.000000 0.014528
            0.000000  0.384900  0.000000
 0.000000 0.000000 0.000998 0.000000 0.000000 0.000000 0.007422 0.000000 0.014553
            0.000000  0.389965  0.000000
 0.000000 0.000000 0.001117 0.000000 0.000000 0.000000 0.007372 0.000000 0.014596
            0.000000  0.395029  0.000000
 0.000000 0.000000 0.001243 0.000000 0.000000 0.000000 0.007324 0.000000 0.014655
            0.000000  0.400094  0.000000
 0.000000 0.000000 0.001376 0.000000 0.000000 0.000000 0.007278 0.000000 0.014732
            0.000000  0.405158  0.000000
 0.000000 0.000000 0.001516 0.000000 0.000000 0.000000 0.007234 0.000000 0.014824
            0.000000  0.410223  0.000000
 0.000000 0.000000 0.001661 0.000000 0.000000 0.000000 0.007192 0.000000 0.014931
            0.000000  0.415287  0.000000
 0.000000 0.000000 0.001811 0.000000 0.000000 0.000000 0.007153 0.000000 0.015051
            0.000000  0.420352  0.000000
 0.000000 0.000000 0.001964 0.000000 0.000000 0.000000 0.007116 0.000000 0.015185
            0.000000  0.425416  0.000000
 0.000000 0.000000 0.002122 0.000000 0.000000 0.000000 0.007083 0.000000 0.015329
            0.000000  0.430480  0.000000
 0.000000 0.000000 0.002281 0.000000 0.000000 0.000000 0.007052 0.000000 0.015485
            0.000000  0.435545  0.000000
 0.000000 0.000000 0.002443 0.000000 0.000000 0.000000 0.007025 0.000000 0.015649
            0.000000  0.440609  0.000000
 0.000000 0.000000 0.002606 0.000000 0.000000 0.000000 0.007000 0.000000 0.015820
            0.000000  0.445674  0.000000
 0.000000 0.000000 0.002769 0.000000 0.000000 0.000000 0.006979 0.000000 0.015998
            0.000000  0.450738  0.000000
 0.000000 0.000000 0.002933 0.000000 0.000000 0.000000 0.006962 0.000000 0.016182
            0.000000  0.455803  0.000000
 0.000000 0.000000 0.003096 0.000000 0.000000 0.000000 0.006947 0.000000 0.016369
            0.000000  0.460867  0.000000
 0.000000 0.000000 0.003258 0.000000 0.000000 0.000000 0.006936 0.000000 0.016558
            0.000000  0.465932  0.000000
 0.000000 0.000000 0.003418 0.000000 0.000000 0.000000 0.006928 0.000000 0.016749
            0.000000  0.470996  0.000000
 0.000000 0.000000 0.003576 0.000000 0.000000 0.000000 0.006923 0.000000 0.016940
            0.000000  0.476061  0.000000
 0.000000 0.000000 0.003732 0.000000 0.000000 0.000000 0.006921 0.000000 0.017129
            0.000000  0.481125  0.000000
 0.000000 0.000000 0.003884 0.000000 0.000000 0.000000 0.006922 0.000000 0.017317
            0.000000  0.486190  0.000000
 0.000000 0.000000 0.004033 0.000000 0.000000 0.000000 0.006925 0.000000 0.017501
            0.000000  0.491254  0.000000
 0.000000 0.000000 0.004177 0.000000 0.000000 0.000000 0.006930 0.000000 0.017681
            0.000000  0.496319  0.000000
 0.000000 0.000000 0.004317 0.000000 0.000000 0.000000 0.006937 0.000000 0.017856
            0.000000  0.501383  0.000000
 0.000000 0.000000 0.004452 0.000000 0.000000 0.000000 0.006945 0.000000 0.018025
            0.000000  0.506448  0.000000
 0.000000 0.000000 0.004582 0.000000 0.000000 0.000000 0.006955 0.000000 0.018186
            0.000000  0.511512  0.000000
 0.000000 0.000000 0.004705 0.000000 0.000000 0.000000 0.006965 0.000000 0.018340
            0.000000  0.516577  0.000000
 0.000000 0.000000 0.004822 0.000000 0.000000 0.000000 0.006977 0.000000 0.018486
            0.000000  0.521641  0.000000
 0.000000 0.000000 0.004932 0.000000 0.000000 0.000000 0.006988 0.000000 0.018622
            0.000000  0.526706  0.000000
 0.000000 0.000000 0.005035 0.000000 0.000000 0.000000 0.006999 0.000000 0.018749
            0.000000  0.531770  0.000000
 0.000000 0.000000 0.005130 0.000000 0.000000 0.000000 0.007010 0.000000 0.018865
            0.000000  0.536834  0.000000
 0.000000 0.000000 0.005216 0.000000 0.000000 0.000000 0.007021 0.000000 0.018970
            0.000000  0.541899  0.000000
 0.000000 0.000000 0.005293 0.000000 0.000000 0.000000 0.007030 0.000000 0.019064
            0.000000  0.546963  0.000000
 0.000000 0.000000 0.005361 0.000000 0.000000 0.000000 0.007039 0.000000 0.019147
            0.000000  0.552028  0.000000
 0.000000 0.000000 0.005419 0.000000 0.000000 0.000000 0.007046 0.000000 0.019217
            0.000000  0.557092  0.000000
 0.000000 0.000000 0.005467 0.000000 0.000000 0.000000 0.007053 0.000000 0.019275
            0.000000  0.562157  0.000000
 0.000000 0.000000 0.005505 0.000000 0.000000 0.000000 0.007058 0.000000 0.019320
            0.000000  0.567221  0.000000
 0.000000 0.000000 0.005532 0.000000 0.000000 0.000000 0.007062 0.000000 0.019352
            0.000000  0.572286  0.000000
 0.000000 0.000000 0.005548 0.000000 0.000000 0.000000 0.007064 0.000000 0.019372
            0.000000  0.577350  0.000000
 0.000000 0.000000 0.005554 0.000000 0.000000 0.000000 0.007064 0.000000 0.019378
