 &plot nbnd=   9, nks=   248 /
            0.333333  0.577350  0.000000
 0.000000 0.000000 0.008321 0.000000 0.000000 0.000000 0.026804 0.000000 0.000000
            0.330808  0.572976  0.000000
 0.000000 0.000000 0.008301 0.000000 0.000188 0.001072 0.026789 0.000000 0.000578
            0.328283  0.568603  0.000000
 0.000000 0.000000 0.008252 0.000000 0.000335 0.002138 0.026748 0.000000 0.001167
            0.325758  0.564229  0.000000
 0.000000 0.000000 0.008173 0.000000 0.000443 0.003191 0.026681 0.000000 0.001758
            0.323232  0.559855  0.000000
 0.000000 0.000000 0.008070 0.000000 0.000516 0.004224 0.026589 0.000000 0.002343
            0.320707  0.555481  0.000000
 0.000000 0.000000 0.007944 0.000000 0.000557 0.005232 0.026475 0.000000 0.002913
            0.318182  0.551107  0.000000
 0.000000 0.000000 0.007799 0.000000 0.000570 0.006208 0.026339 0.000000 0.003461
            0.315657  0.546733  0.000000
 0.000000 0.000000 0.007640 0.000000 0.000560 0.007150 0.026186 0.000000 0.003984
            0.313131  0.542359  0.000000
 0.000000 0.000000 0.007469 0.000000 0.000529 0.008055 0.026018 0.000000 0.004476
            0.310606  0.537985  0.000000
 0.000000 0.000000 0.007292 0.000000 0.000482 0.008920 0.025839 0.000000 0.004936
            0.308081  0.533612  0.000000
 0.000000 0.000000 0.007110 0.000000 0.000422 0.009744 0.025650 0.000000 0.005364
            0.305556  0.529238  0.000000
 0.000000 0.000000 0.006928 0.000000 0.000354 0.010529 0.025455 0.000000 0.005759
            0.303030  0.524864  0.000000
 0.000000 0.000000 0.006747 0.000000 0.000281 0.011274 0.025256 0.000000 0.006123
            0.300505  0.520490  0.000000
 0.000000 0.000000 0.006569 0.000000 0.000216 0.011981 0.025053 0.000000 0.006458
            0.297980  0.516116  0.000000
 0.000000 0.000000 0.006397 0.000000 0.000179 0.012652 0.024849 0.000000 0.006769
            0.295455  0.511742  0.000000
 0.000000 0.000000 0.006230 0.000000 0.000199 0.013291 0.024644 0.000000 0.007058
            0.292929  0.507368  0.000000
 0.000000 0.000000 0.006069 0.000000 0.000271 0.013898 0.024440 0.000000 0.007330
            0.290404  0.502995  0.000000
 0.000000 0.000000 0.005915 0.000000 0.000368 0.014479 0.024236 0.000000 0.007590
            0.287879  0.498621  0.000000
 0.000000 0.000000 0.005767 0.000000 0.000480 0.015036 0.024033 0.000000 0.007843
            0.285354  0.494247  0.000000
 0.000000 0.000000 0.005625 0.000000 0.000601 0.015572 0.023830 0.000000 0.008093
            0.282828  0.489873  0.000000
 0.000000 0.000000 0.005489 0.000000 0.000730 0.016092 0.023628 0.000000 0.008346
            0.280303  0.485499  0.000000
 0.000000 0.000000 0.005358 0.000000 0.000870 0.016598 0.023426 0.000000 0.008605
            0.277778  0.481125  0.000000
 0.000000 0.000000 0.005231 0.000000 0.001020 0.017094 0.023223 0.000000 0.008874
            0.275253  0.476751  0.000000
 0.000000 0.000000 0.005109 0.000000 0.001185 0.017583 0.023021 0.000000 0.009158
            0.272727  0.472377  0.000000
 0.000000 0.000000 0.004989 0.000000 0.001367 0.018068 0.022817 0.000000 0.009457
            0.270202  0.468004  0.000000
 0.000000 0.000000 0.004872 0.000000 0.001568 0.018551 0.022612 0.000000 0.009774
            0.267677  0.463630  0.000000
 0.000000 0.000000 0.004758 0.000000 0.001793 0.019036 0.022406 0.000000 0.010109
            0.265152  0.459256  0.000000
 0.000000 0.000000 0.004646 0.000000 0.002042 0.019524 0.022197 0.000000 0.010463
            0.262626  0.454882  0.000000
 0.000000 0.000000 0.004535 0.000000 0.002317 0.020016 0.021987 0.000000 0.010834
            0.260101  0.450508  0.000000
 0.000000 0.000000 0.004426 0.000000 0.002619 0.020513 0.021775 0.000000 0.011221
            0.257576  0.446134  0.000000
 0.000000 0.000000 0.004319 0.000000 0.002946 0.021018 0.021562 0.000000 0.011621
            0.255051  0.441760  0.000000
 0.000000 0.000000 0.004214 0.000000 0.003297 0.021528 0.021346 0.000000 0.012031
            0.252525  0.437387  0.000000
 0.000000 0.000000 0.004111 0.000000 0.003670 0.022046 0.021130 0.000000 0.012448
            0.250000  0.433013  0.000000
 0.000000 0.000000 0.004010 0.000000 0.004061 0.022569 0.020913 0.000000 0.012869
            0.247475  0.428639  0.000000
 0.000000 0.000000 0.003912 0.000000 0.004465 0.023099 0.020695 0.000000 0.013289
            0.244949  0.424265  0.000000
 0.000000 0.000000 0.003818 0.000000 0.004880 0.023632 0.020478 0.000000 0.013705
            0.242424  0.419891  0.000000
 0.000000 0.000000 0.003727 0.000000 0.005300 0.024169 0.020261 0.000000 0.014113
            0.239899  0.415517  0.000000
 0.000000 0.000000 0.003640 0.000000 0.005720 0.024707 0.020045 0.000000 0.014509
            0.237374  0.411143  0.000000
 0.000000 0.000000 0.003558 0.000000 0.006137 0.025247 0.019831 0.000000 0.014892
            0.234848  0.406770  0.000000
 0.000000 0.000000 0.003481 0.000000 0.006547 0.025785 0.019618 0.000000 0.015257
            0.232323  0.402396  0.000000
 0.000000 0.000000 0.003408 0.000000 0.006946 0.026322 0.019406 0.000000 0.015603
            0.229798  0.398022  0.000000
 0.000000 0.000000 0.003340 0.000000 0.007331 0.026855 0.019196 0.000000 0.015929
            0.227273  0.393648  0.000000
 0.000000 0.000000 0.003277 0.000000 0.007701 0.027385 0.018986 0.000000 0.016233
            0.224747  0.389274  0.000000
 0.000000 0.000000 0.003218 0.000000 0.008055 0.027910 0.018778 0.000000 0.016514
            0.222222  0.384900  0.000000
 0.000000 0.000000 0.003162 0.000000 0.008392 0.028432 0.018569 0.000000 0.016775
            0.219697  0.380526  0.000000
 0.000000 0.000000 0.003110 0.000000 0.008714 0.028949 0.018360 0.000000 0.017015
            0.217172  0.376152  0.000000
 0.000000 0.000000 0.003060 0.000000 0.009024 0.029464 0.018148 0.000000 0.017238
            0.214646  0.371779  0.000000
 0.000000 0.000000 0.003010 0.000000 0.009325 0.029977 0.017935 0.000000 0.017446
            0.212121  0.367405  0.000000
 0.000000 0.000000 0.002961 0.000000 0.009620 0.030490 0.017717 0.000000 0.017644
            0.209596  0.363031  0.000000
 0.000000 0.000000 0.002909 0.000000 0.009915 0.031005 0.017495 0.000000 0.017836
            0.207071  0.358657  0.000000
 0.000000 0.000000 0.002855 0.000000 0.010216 0.031526 0.017266 0.000000 0.018027
            0.204545  0.354283  0.000000
 0.000000 0.000000 0.002796 0.000000 0.010530 0.032053 0.017031 0.000000 0.018224
            0.202020  0.349909  0.000000
 0.000000 0.000000 0.002731 0.000000 0.010864 0.032591 0.016787 0.000000 0.018433
            0.199495  0.345535  0.000000
 0.000000 0.000000 0.002658 0.000000 0.011224 0.033143 0.016534 0.000000 0.018659
            0.196970  0.341162  0.000000
 0.000000 0.000000 0.002576 0.000000 0.011619 0.033710 0.016270 0.000000 0.018911
            0.194444  0.336788  0.000000
 0.000000 0.000000 0.002483 0.000000 0.012055 0.034296 0.015996 0.000000 0.019193
            0.191919  0.332414  0.000000
 0.000000 0.000000 0.002379 0.000000 0.012541 0.034904 0.015710 0.000000 0.019513
            0.189394  0.328040  0.000000
 0.000000 0.000000 0.002263 0.000000 0.013083 0.035534 0.015412 0.000000 0.019875
            0.186869  0.323666  0.000000
 0.000000 0.000000 0.002134 0.000000 0.013687 0.036187 0.015102 0.000000 0.020285
            0.184343  0.319292  0.000000
 0.000000 0.000000 0.001992 0.000000 0.014357 0.036864 0.014781 0.000000 0.020746
            0.181818  0.314918  0.000000
 0.000000 0.000000 0.001836 0.000000 0.015100 0.037565 0.014447 0.000000 0.021261
            0.179293  0.310544  0.000000
 0.000000 0.000000 0.001669 0.000000 0.015918 0.038286 0.014102 0.000000 0.021831
            0.176768  0.306171  0.000000
 0.000000 0.000000 0.001489 0.000000 0.016813 0.039025 0.013747 0.000000 0.022456
            0.174242  0.301797  0.000000
 0.000000 0.000000 0.001300 0.000000 0.017789 0.039776 0.013383 0.000000 0.023137
            0.171717  0.297423  0.000000
 0.000000 0.000000 0.001103 0.000000 0.018847 0.040533 0.013011 0.000000 0.023871
            0.169192  0.293049  0.000000
 0.000000 0.000000 0.000899 0.000000 0.019990 0.041287 0.012632 0.000000 0.024654
            0.166667  0.288675  0.000000
 0.000000 0.000000 0.000691 0.000000 0.021223 0.042025 0.012248 0.000000 0.025481
            0.164141  0.284301  0.000000
 0.000000 0.000000 0.000483 0.000000 0.022551 0.042732 0.011862 0.000000 0.026348
            0.161616  0.279927  0.000000
 0.000000 0.000000 0.000278 0.000000 0.023985 0.043389 0.011474 0.000000 0.027248
            0.159091  0.275554  0.000000
 0.000000 0.000000 0.000095 0.000000 0.025538 0.043969 0.011088 0.000000 0.028174
            0.156566  0.271180  0.000000
 0.000000 0.000000 0.000149 0.000000 0.027232 0.044440 0.010704 0.000000 0.029117
            0.154040  0.266806  0.000000
 0.000000 0.000000 0.000327 0.000000 0.029095 0.044760 0.010326 0.000000 0.030071
            0.151515  0.262432  0.000000
 0.000000 0.000000 0.000499 0.000000 0.031161 0.044874 0.009956 0.000000 0.031027
            0.148990  0.258058  0.000000
 0.000000 0.000000 0.000659 0.000000 0.033476 0.044709 0.009594 0.000000 0.031979
            0.146465  0.253684  0.000000
 0.000000 0.000000 0.000802 0.000000 0.036084 0.044173 0.009244 0.000000 0.032918
            0.143939  0.249310  0.000000
 0.000000 0.000000 0.000928 0.000000 0.039024 0.043154 0.008905 0.000000 0.033841
            0.141414  0.244936  0.000000
 0.000000 0.000000 0.001035 0.000000 0.042301 0.041529 0.008581 0.000000 0.034743
            0.138889  0.240563  0.000000
 0.000000 0.000000 0.001122 0.000000 0.045858 0.039201 0.008270 0.000000 0.035621
            0.136364  0.236189  0.000000
 0.000000 0.000000 0.001189 0.000000 0.049543 0.036153 0.007975 0.000000 0.036475
            0.133838  0.231815  0.000000
 0.000000 0.000000 0.001238 0.000000 0.053125 0.032521 0.007694 0.000000 0.037308
            0.131313  0.227441  0.000000
 0.000000 0.000000 0.001267 0.000000 0.056369 0.028593 0.007428 0.000000 0.038123
            0.128788  0.223067  0.000000
 0.000000 0.000000 0.001280 0.000000 0.059132 0.024724 0.007177 0.000000 0.038929
            0.126263  0.218693  0.000000
 0.000000 0.000000 0.001278 0.000000 0.061404 0.021203 0.006938 0.000000 0.039734
            0.123737  0.214319  0.000000
 0.000000 0.000000 0.001263 0.000000 0.063263 0.018185 0.006711 0.000000 0.040552
            0.121212  0.209946  0.000000
 0.000000 0.000000 0.001237 0.000000 0.064825 0.015708 0.006493 0.000000 0.041397
            0.118687  0.205572  0.000000
 0.000000 0.000000 0.001204 0.000000 0.066198 0.013732 0.006284 0.000000 0.042287
            0.116162  0.201198  0.000000
 0.000000 0.000000 0.001166 0.000000 0.067474 0.012189 0.006081 0.000000 0.043240
            0.113636  0.196824  0.000000
 0.000000 0.000000 0.001125 0.000000 0.068724 0.011001 0.005882 0.000000 0.044277
            0.111111  0.192450  0.000000
 0.000000 0.000000 0.001085 0.000000 0.070005 0.010096 0.005684 0.000000 0.045420
            0.108586  0.188076  0.000000
 0.000000 0.000000 0.001048 0.000000 0.071363 0.009413 0.005485 0.000000 0.046690
            0.106061  0.183702  0.000000
 0.000000 0.000000 0.001016 0.000000 0.072835 0.008900 0.005282 0.000000 0.048110
            0.103535  0.179328  0.000000
 0.000000 0.000000 0.000993 0.000000 0.074453 0.008517 0.005073 0.000000 0.049700
            0.101010  0.174955  0.000000
 0.000000 0.000000 0.000979 0.000000 0.076244 0.008233 0.004855 0.000000 0.051480
            0.098485  0.170581  0.000000
 0.000000 0.000000 0.000976 0.000000 0.078230 0.008023 0.004627 0.000000 0.053466
            0.095960  0.166207  0.000000
 0.000000 0.000000 0.000988 0.000000 0.080428 0.007874 0.004388 0.000000 0.055671
            0.093434  0.161833  0.000000
 0.000000 0.000000 0.001014 0.000000 0.082850 0.007774 0.004134 0.000000 0.058105
            0.090909  0.157459  0.000000
 0.000000 0.000000 0.001055 0.000000 0.085501 0.007718 0.003866 0.000000 0.060772
            0.088384  0.153085  0.000000
 0.000000 0.000000 0.001113 0.000000 0.088381 0.007703 0.003584 0.000000 0.063670
            0.085859  0.148711  0.000000
 0.000000 0.000000 0.001187 0.000000 0.091482 0.007729 0.003287 0.000000 0.066792
            0.083333  0.144338  0.000000
 0.000000 0.000000 0.001276 0.000000 0.094788 0.007795 0.002977 0.000000 0.070122
            0.080808  0.139964  0.000000
 0.000000 0.000000 0.001378 0.000000 0.098278 0.007901 0.002655 0.000000 0.073638
            0.078283  0.135590  0.000000
 0.000000 0.000000 0.001491 0.000000 0.101921 0.008044 0.002324 0.000000 0.077311
            0.075758  0.131216  0.000000
 0.000000 0.000000 0.001613 0.000000 0.105679 0.008223 0.001986 0.000000 0.081102
            0.073232  0.126842  0.000000
 0.000000 0.000000 0.001739 0.000000 0.109508 0.008433 0.001646 0.000000 0.084964
            0.070707  0.122468  0.000000
 0.000000 0.000000 0.001866 0.000000 0.113357 0.008672 0.001308 0.000000 0.088846
            0.068182  0.118094  0.000000
 0.000000 0.000000 0.001990 0.000000 0.117168 0.008940 0.000976 0.000000 0.092685
            0.065657  0.113721  0.000000
 0.000000 0.000000 0.002107 0.000000 0.120877 0.009238 0.000659 0.000000 0.096418
            0.063131  0.109347  0.000000
 0.000000 0.000000 0.002213 0.000000 0.124419 0.009574 0.000371 0.000000 0.099972
            0.060606  0.104973  0.000000
 0.000000 0.000000 0.002304 0.000000 0.127721 0.009960 0.000192 0.000000 0.103273
            0.058081  0.100599  0.000000
 0.000000 0.000000 0.002378 0.000000 0.130710 0.010412 0.000312 0.000000 0.106246
            0.055556  0.096225  0.000000
 0.000000 0.000000 0.002429 0.000000 0.133312 0.010950 0.000528 0.000000 0.108814
            0.053030  0.091851  0.000000
 0.000000 0.000000 0.002458 0.000000 0.135450 0.011599 0.000732 0.000000 0.110904
            0.050505  0.087477  0.000000
 0.000000 0.000000 0.002460 0.000000 0.137051 0.012381 0.000909 0.000000 0.112444
            0.047980  0.083103  0.000000
 0.000000 0.000000 0.002436 0.000000 0.138040 0.013317 0.001053 0.000000 0.113371
            0.045455  0.078730  0.000000
 0.000000 0.000000 0.002385 0.000000 0.138348 0.014423 0.001164 0.000000 0.113626
            0.042929  0.074356  0.000000
 0.000000 0.000000 0.002308 0.000000 0.137910 0.015707 0.001238 0.000000 0.113162
            0.040404  0.069982  0.000000
 0.000000 0.000000 0.002205 0.000000 0.136664 0.017171 0.001279 0.000000 0.111939
            0.037879  0.065608  0.000000
 0.000000 0.000000 0.002080 0.000000 0.134558 0.018808 0.001285 0.000000 0.109932
            0.035354  0.061234  0.000000
 0.000000 0.000000 0.001934 0.000000 0.131547 0.020603 0.001260 0.000000 0.107123
            0.032828  0.056860  0.000000
 0.000000 0.000000 0.001771 0.000000 0.127598 0.022532 0.001208 0.000000 0.103510
            0.030303  0.052486  0.000000
 0.000000 0.000000 0.001595 0.000000 0.122685 0.024564 0.001130 0.000000 0.099102
            0.027778  0.048113  0.000000
 0.000000 0.000000 0.001410 0.000000 0.116801 0.026665 0.001033 0.000000 0.093917
            0.025253  0.043739  0.000000
 0.000000 0.000000 0.001221 0.000000 0.109949 0.028791 0.000920 0.000000 0.087986
            0.022727  0.039365  0.000000
 0.000000 0.000000 0.001031 0.000000 0.102149 0.030901 0.000797 0.000000 0.081351
            0.020202  0.034991  0.000000
 0.000000 0.000000 0.000847 0.000000 0.093435 0.032947 0.000668 0.000000 0.074060
            0.017677  0.030617  0.000000
 0.000000 0.000000 0.000672 0.000000 0.083859 0.034884 0.000540 0.000000 0.066170
            0.015152  0.026243  0.000000
 0.000000 0.000000 0.000510 0.000000 0.073488 0.036668 0.000417 0.000000 0.057744
            0.012626  0.021869  0.000000
 0.000000 0.000000 0.000366 0.000000 0.062403 0.038256 0.000304 0.000000 0.048850
            0.010101  0.017495  0.000000
 0.000000 0.000000 0.000244 0.000000 0.050699 0.039611 0.000205 0.000000 0.039561
            0.007576  0.013122  0.000000
 0.000000 0.000000 0.000145 0.000000 0.038485 0.040701 0.000124 0.000000 0.029953
            0.005051  0.008748  0.000000
 0.000000 0.000000 0.000072 0.000000 0.025879 0.041499 0.000063 0.000000 0.020104
            0.002525  0.004374  0.000000
 0.000000 0.000000 0.000025 0.000000 0.013007 0.041986 0.000023 0.000000 0.010092
            0.000253  0.000437  0.000000
 0.000000 0.000000 0.000002 0.000000 0.001303 0.042148 0.000002 0.000000 0.001011
            0.000000  0.000506  0.000000
 0.000000 0.000000 0.000000 0.000000 0.001309 0.042148 0.000000 0.000000 0.001011
            0.000000  0.005064  0.000000
 0.000000 0.000000 0.000000 0.000000 0.013065 0.041983 0.000000 0.000000 0.010100
            0.000000  0.010129  0.000000
 0.000000 0.000000 0.000000 0.000000 0.025994 0.041487 0.000000 0.000000 0.020120
            0.000000  0.015193  0.000000
 0.000000 0.000000 0.000000 0.000000 0.038653 0.040675 0.000000 0.000000 0.029978
            0.000000  0.020258  0.000000
 0.000000 0.000000 0.000000 0.000000 0.050916 0.039567 0.000000 0.000000 0.039595
            0.000000  0.025322  0.000000
 0.000000 0.000000 0.000000 0.000000 0.062662 0.038189 0.000000 0.000000 0.048893
            0.000000  0.030387  0.000000
 0.000000 0.000000 0.000000 0.000000 0.073785 0.036575 0.000000 0.000000 0.057798
            0.000000  0.035451  0.000000
 0.000000 0.000000 0.000000 0.000000 0.084187 0.034764 0.000000 0.000000 0.066237
            0.000000  0.040516  0.000000
 0.000000 0.000000 0.000000 0.000000 0.093788 0.032798 0.000000 0.000000 0.074145
            0.000000  0.045580  0.000000
 0.000000 0.000000 0.000000 0.000000 0.102522 0.030725 0.000000 0.000000 0.081459
            0.000000  0.050645  0.000000
 0.000000 0.000000 0.000000 0.000000 0.110339 0.028592 0.000000 0.000000 0.088125
            0.000000  0.055709  0.000000
 0.000000 0.000000 0.000000 0.000000 0.117206 0.026446 0.000000 0.000000 0.094094
            0.000000  0.060774  0.000000
 0.000000 0.000000 0.000000 0.000000 0.123105 0.024335 0.000000 0.000000 0.099329
            0.000000  0.065838  0.000000
 0.000000 0.000000 0.000000 0.000000 0.128036 0.022302 0.000000 0.000000 0.103801
            0.000000  0.070903  0.000000
 0.000000 0.000000 0.000000 0.000000 0.132010 0.020388 0.000000 0.000000 0.107492
            0.000000  0.075967  0.000000
 0.000000 0.000000 0.000000 0.000000 0.135053 0.018629 0.000000 0.000000 0.110395
            0.000000  0.081032  0.000000
 0.000000 0.000000 0.000000 0.000000 0.137203 0.017054 0.000000 0.000000 0.112515
            0.000000  0.086096  0.000000
 0.000000 0.000000 0.000000 0.000000 0.138506 0.015684 0.000000 0.000000 0.113868
            0.000000  0.091161  0.000000
 0.000000 0.000000 0.000000 0.000000 0.139017 0.014534 0.000000 0.000000 0.114481
            0.000000  0.096225  0.000000
 0.000000 0.000000 0.000000 0.000000 0.138799 0.013606 0.000000 0.000000 0.114392
            0.000000  0.101290  0.000000
 0.000000 0.000000 0.000000 0.000000 0.137918 0.012895 0.000000 0.000000 0.113648
            0.000000  0.106354  0.000000
 0.000000 0.000000 0.000000 0.000000 0.136445 0.012381 0.000000 0.000000 0.112304
            0.000000  0.111418  0.000000
 0.000000 0.000000 0.000000 0.000000 0.134452 0.012039 0.000000 0.000000 0.110422
            0.000000  0.116483  0.000000
 0.000000 0.000000 0.000000 0.000000 0.132013 0.011835 0.000000 0.000000 0.108069
            0.000000  0.121547  0.000000
 0.000000 0.000000 0.000000 0.000000 0.129201 0.011734 0.000000 0.000000 0.105314
            0.000000  0.126612  0.000000
 0.000000 0.000000 0.000000 0.000000 0.126089 0.011701 0.000000 0.000000 0.102229
            0.000000  0.131676  0.000000
 0.000000 0.000000 0.000000 0.000000 0.122746 0.011705 0.000000 0.000000 0.098883
            0.000000  0.136741  0.000000
 0.000000 0.000000 0.000000 0.000000 0.119240 0.011723 0.000000 0.000000 0.095346
            0.000000  0.141805  0.000000
 0.000000 0.000000 0.000000 0.000000 0.115632 0.011736 0.000000 0.000000 0.091683
            0.000000  0.146870  0.000000
 0.000000 0.000000 0.000000 0.000000 0.111978 0.011737 0.000000 0.000000 0.087954
            0.000000  0.151934  0.000000
 0.000000 0.000000 0.000000 0.000000 0.108332 0.011719 0.000000 0.000000 0.084214
            0.000000  0.156999  0.000000
 0.000000 0.000000 0.000000 0.000000 0.104736 0.011687 0.000000 0.000000 0.080511
            0.000000  0.162063  0.000000
 0.000000 0.000000 0.000000 0.000000 0.101228 0.011646 0.000000 0.000000 0.076888
            0.000000  0.167128  0.000000
 0.000000 0.000000 0.000000 0.000000 0.097840 0.011605 0.000000 0.000000 0.073377
            0.000000  0.172192  0.000000
 0.000000 0.000000 0.000000 0.000000 0.094595 0.011575 0.000000 0.000000 0.070007
            0.000000  0.177257  0.000000
 0.000000 0.000000 0.000000 0.000000 0.091511 0.011570 0.000000 0.000000 0.066799
            0.000000  0.182321  0.000000
 0.000000 0.000000 0.000000 0.000000 0.088597 0.011604 0.000000 0.000000 0.063765
            0.000000  0.187386  0.000000
 0.000000 0.000000 0.000000 0.000000 0.085857 0.011689 0.000000 0.000000 0.060915
            0.000000  0.192450  0.000000
 0.000000 0.000000 0.000000 0.000000 0.083291 0.011843 0.000000 0.000000 0.058251
            0.000000  0.197515  0.000000
 0.000000 0.000000 0.000000 0.000000 0.080891 0.012082 0.000000 0.000000 0.055772
            0.000000  0.202579  0.000000
 0.000000 0.000000 0.000000 0.000000 0.078645 0.012423 0.000000 0.000000 0.053470
            0.000000  0.207644  0.000000
 0.000000 0.000000 0.000000 0.000000 0.076538 0.012886 0.000000 0.000000 0.051338
            0.000000  0.212708  0.000000
 0.000000 0.000000 0.000000 0.000000 0.074548 0.013494 0.000000 0.000000 0.049365
            0.000000  0.217772  0.000000
 0.000000 0.000000 0.000000 0.000000 0.072652 0.014270 0.000000 0.000000 0.047536
            0.000000  0.222837  0.000000
 0.000000 0.000000 0.000000 0.000000 0.070821 0.015240 0.000000 0.000000 0.045838
            0.000000  0.227901  0.000000
 0.000000 0.000000 0.000000 0.000000 0.069021 0.016431 0.000000 0.000000 0.044257
            0.000000  0.232966  0.000000
 0.000000 0.000000 0.000000 0.000000 0.067212 0.017873 0.000000 0.000000 0.042777
            0.000000  0.238030  0.000000
 0.000000 0.000000 0.000000 0.000000 0.065350 0.019586 0.000000 0.000000 0.041385
            0.000000  0.243095  0.000000
 0.000000 0.000000 0.000000 0.000000 0.063385 0.021587 0.000000 0.000000 0.040068
            0.000000  0.248159  0.000000
 0.000000 0.000000 0.000000 0.000000 0.061264 0.023867 0.000000 0.000000 0.038814
            0.000000  0.253224  0.000000
 0.000000 0.000000 0.000000 0.000000 0.058942 0.026390 0.000000 0.000000 0.037612
            0.000000  0.258288  0.000000
 0.000000 0.000000 0.000000 0.000000 0.056390 0.029075 0.000000 0.000000 0.036453
            0.000000  0.263353  0.000000
 0.000000 0.000000 0.000000 0.000000 0.053614 0.031801 0.000000 0.000000 0.035331
            0.000000  0.268417  0.000000
 0.000000 0.000000 0.000000 0.000000 0.050664 0.034417 0.000000 0.000000 0.034238
            0.000000  0.273482  0.000000
 0.000000 0.000000 0.000000 0.000000 0.047635 0.036778 0.000000 0.000000 0.033171
            0.000000  0.278546  0.000000
 0.000000 0.000000 0.000000 0.000000 0.044639 0.038776 0.000000 0.000000 0.032127
            0.000000  0.283611  0.000000
 0.000000 0.000000 0.000000 0.000000 0.041784 0.040362 0.000000 0.000000 0.031104
            0.000000  0.288675  0.000000
 0.000000 0.000000 0.000000 0.000000 0.039147 0.041539 0.000000 0.000000 0.030102
            0.000000  0.293740  0.000000
 0.000000 0.000000 0.000000 0.000000 0.036771 0.042345 0.000000 0.000000 0.029120
            0.000000  0.298804  0.000000
 0.000000 0.000000 0.000000 0.000000 0.034667 0.042837 0.000000 0.000000 0.028159
            0.000000  0.303869  0.000000
 0.000000 0.000000 0.000000 0.000000 0.032826 0.043074 0.000000 0.000000 0.027221
            0.000000  0.308933  0.000000
 0.000000 0.000000 0.000000 0.000000 0.031229 0.043111 0.000000 0.000000 0.026307
            0.000000  0.313998  0.000000
 0.000000 0.000000 0.000000 0.000000 0.029852 0.042994 0.000000 0.000000 0.025419
            0.000000  0.319062  0.000000
 0.000000 0.000000 0.000000 0.000000 0.028668 0.042761 0.000000 0.000000 0.024559
            0.000000  0.324126  0.000000
 0.000000 0.000000 0.000000 0.000000 0.027655 0.042443 0.000000 0.000000 0.023727
            0.000000  0.329191  0.000000
 0.000000 0.000000 0.000000 0.000000 0.026791 0.042063 0.000000 0.000000 0.022925
            0.000000  0.334255  0.000000
 0.000000 0.000000 0.000000 0.000000 0.026058 0.041641 0.000000 0.000000 0.022154
            0.000000  0.339320  0.000000
 0.000000 0.000000 0.000000 0.000000 0.025440 0.041191 0.000000 0.000000 0.021414
            0.000000  0.344384  0.000000
 0.000000 0.000000 0.000000 0.000000 0.024922 0.040723 0.000000 0.000000 0.020704
            0.000000  0.349449  0.000000
 0.000000 0.000000 0.000000 0.000000 0.024492 0.040247 0.000000 0.000000 0.020024
            0.000000  0.354513  0.000000
 0.000000 0.000000 0.000000 0.000000 0.024141 0.039767 0.000000 0.000000 0.019373
            0.000000  0.359578  0.000000
 0.000000 0.000000 0.000000 0.000000 0.023859 0.039289 0.000000 0.000000 0.018749
            0.000000  0.364642  0.000000
 0.000000 0.000000 0.000000 0.000000 0.023639 0.038814 0.000000 0.000000 0.018150
            0.000000  0.369707  0.000000
 0.000000 0.000000 0.000000 0.000000 0.023474 0.038345 0.000000 0.000000 0.017574
            0.000000  0.374771  0.000000
 0.000000 0.000000 0.000000 0.000000 0.023359 0.037882 0.000000 0.000000 0.017018
            0.000000  0.379836  0.000000
 0.000000 0.000000 0.000000 0.000000 0.023288 0.037425 0.000000 0.000000 0.016481
            0.000000  0.384900  0.000000
 0.000000 0.000000 0.000000 0.000000 0.023259 0.036974 0.000000 0.000000 0.015958
            0.000000  0.389965  0.000000
 0.000000 0.000000 0.000000 0.000000 0.023267 0.036528 0.000000 0.000000 0.015448
            0.000000  0.395029  0.000000
 0.000000 0.000000 0.000000 0.000000 0.023309 0.036087 0.000000 0.000000 0.014949
            0.000000  0.400094  0.000000
 0.000000 0.000000 0.000000 0.000000 0.023382 0.035649 0.000000 0.000000 0.014459
            0.000000  0.405158  0.000000
 0.000000 0.000000 0.000000 0.000000 0.023485 0.035214 0.000000 0.000000 0.013974
            0.000000  0.410223  0.000000
 0.000000 0.000000 0.000000 0.000000 0.023614 0.034782 0.000000 0.000000 0.013495
            0.000000  0.415287  0.000000
 0.000000 0.000000 0.000000 0.000000 0.023768 0.034352 0.000000 0.000000 0.013020
            0.000000  0.420352  0.000000
 0.000000 0.000000 0.000000 0.000000 0.023945 0.033925 0.000000 0.000000 0.012547
            0.000000  0.425416  0.000000
 0.000000 0.000000 0.000000 0.000000 0.024142 0.033500 0.000000 0.000000 0.012077
            0.000000  0.430480  0.000000
 0.000000 0.000000 0.000000 0.000000 0.024358 0.033078 0.000000 0.000000 0.011609
            0.000000  0.435545  0.000000
 0.000000 0.000000 0.000000 0.000000 0.024591 0.032660 0.000000 0.000000 0.011143
            0.000000  0.440609  0.000000
 0.000000 0.000000 0.000000 0.000000 0.024837 0.032246 0.000000 0.000000 0.010680
            0.000000  0.445674  0.000000
 0.000000 0.000000 0.000000 0.000000 0.025096 0.031839 0.000000 0.000000 0.010218
            0.000000  0.450738  0.000000
 0.000000 0.000000 0.000000 0.000000 0.025364 0.031440 0.000000 0.000000 0.009760
            0.000000  0.455803  0.000000
 0.000000 0.000000 0.000000 0.000000 0.025639 0.031050 0.000000 0.000000 0.009306
            0.000000  0.460867  0.000000
 0.000000 0.000000 0.000000 0.000000 0.025920 0.030671 0.000000 0.000000 0.008856
            0.000000  0.465932  0.000000
 0.000000 0.000000 0.000000 0.000000 0.026203 0.030304 0.000000 0.000000 0.008410
            0.000000  0.470996  0.000000
 0.000000 0.000000 0.000000 0.000000 0.026486 0.029951 0.000000 0.000000 0.007971
            0.000000  0.476061  0.000000
 0.000000 0.000000 0.000000 0.000000 0.026768 0.029614 0.000000 0.000000 0.007537
            0.000000  0.481125  0.000000
 0.000000 0.000000 0.000000 0.000000 0.027046 0.029293 0.000000 0.000000 0.007109
            0.000000  0.486190  0.000000
 0.000000 0.000000 0.000000 0.000000 0.027319 0.028991 0.000000 0.000000 0.006688
            0.000000  0.491254  0.000000
 0.000000 0.000000 0.000000 0.000000 0.027584 0.028708 0.000000 0.000000 0.006275
            0.000000  0.496319  0.000000
 0.000000 0.000000 0.000000 0.000000 0.027841 0.028445 0.000000 0.000000 0.005868
            0.000000  0.501383  0.000000
 0.000000 0.000000 0.000000 0.000000 0.028087 0.028202 0.000000 0.000000 0.005468
            0.000000  0.506448  0.000000
 0.000000 0.000000 0.000000 0.000000 0.028322 0.027980 0.000000 0.000000 0.005075
            0.000000  0.511512  0.000000
 0.000000 0.000000 0.000000 0.000000 0.028544 0.027779 0.000000 0.000000 0.004689
            0.000000  0.516577  0.000000
 0.000000 0.000000 0.000000 0.000000 0.028753 0.027598 0.000000 0.000000 0.004309
            0.000000  0.521641  0.000000
 0.000000 0.000000 0.000000 0.000000 0.028947 0.027437 0.000000 0.000000 0.003935
            0.000000  0.526706  0.000000
 0.000000 0.000000 0.000000 0.000000 0.029127 0.027295 0.000000 0.000000 0.003567
            0.000000  0.531770  0.000000
 0.000000 0.000000 0.000000 0.000000 0.029291 0.027171 0.000000 0.000000 0.003204
            0.000000  0.536834  0.000000
 0.000000 0.000000 0.000000 0.000000 0.029439 0.027065 0.000000 0.000000 0.002847
            0.000000  0.541899  0.000000
 0.000000 0.000000 0.000000 0.000000 0.029570 0.026974 0.000000 0.000000 0.002495
            0.000000  0.546963  0.000000
 0.000000 0.000000 0.000000 0.000000 0.029685 0.026899 0.000000 0.000000 0.002148
            0.000000  0.552028  0.000000
 0.000000 0.000000 0.000000 0.000000 0.029782 0.026837 0.000000 0.000000 0.001807
            0.000000  0.557092  0.000000
 0.000000 0.000000 0.000000 0.000000 0.029862 0.026788 0.000000 0.000000 0.001473
            0.000000  0.562157  0.000000
 0.000000 0.000000 0.000000 0.000000 0.029925 0.026751 0.000000 0.000000 0.001151
            0.000000  0.567221  0.000000
 0.000000 0.000000 0.000000 0.000000 0.029970 0.026726 0.000000 0.000000 0.000851
            0.000000  0.572286  0.000000
 0.000000 0.000000 0.000000 0.000000 0.029997 0.026710 0.000000 0.000000 0.000604
            0.000000  0.577350  0.000000
 0.000000 0.000000 0.000000 0.000000 0.030006 0.026705 0.000000 0.000000 0.000495
