 &plot nbnd=   9, nks=   248 /
            0.333333  0.577350  0.000000
 0.017820 0.000000 0.000000 0.000000 0.000000 0.012651 0.000000 0.000000 0.000000
            0.330808  0.572976  0.000000
 0.017814 0.000000 0.000115 0.000000 0.000000 0.012626 0.000000 0.000006 0.001187
            0.328283  0.568603  0.000000
 0.017795 0.000000 0.000246 0.000000 0.000000 0.012561 0.000000 0.000027 0.002363
            0.325758  0.564229  0.000000
 0.017765 0.000000 0.000392 0.000000 0.000000 0.012457 0.000000 0.000081 0.003519
            0.323232  0.559855  0.000000
 0.017722 0.000000 0.000552 0.000000 0.000000 0.012318 0.000000 0.000141 0.004645
            0.320707  0.555481  0.000000
 0.017669 0.000000 0.000726 0.000000 0.000000 0.012149 0.000000 0.000199 0.005734
            0.318182  0.551107  0.000000
 0.017605 0.000000 0.000910 0.000000 0.000000 0.011957 0.000000 0.000250 0.006780
            0.315657  0.546733  0.000000
 0.017531 0.000000 0.001103 0.000000 0.000000 0.011746 0.000000 0.000295 0.007778
            0.313131  0.542359  0.000000
 0.017449 0.000000 0.001304 0.000000 0.000000 0.011523 0.000000 0.000335 0.008726
            0.310606  0.537985  0.000000
 0.017359 0.000000 0.001511 0.000000 0.000000 0.011293 0.000000 0.000371 0.009623
            0.308081  0.533612  0.000000
 0.017262 0.000000 0.001722 0.000000 0.000000 0.011062 0.000000 0.000406 0.010468
            0.305556  0.529238  0.000000
 0.017160 0.000000 0.001936 0.000000 0.000000 0.010833 0.000000 0.000441 0.011263
            0.303030  0.524864  0.000000
 0.017053 0.000000 0.002151 0.000000 0.000000 0.010608 0.000000 0.000480 0.012010
            0.300505  0.520490  0.000000
 0.016942 0.000000 0.002367 0.000000 0.000000 0.010391 0.000000 0.000523 0.012711
            0.297980  0.516116  0.000000
 0.016828 0.000000 0.002584 0.000000 0.000000 0.010182 0.000000 0.000572 0.013369
            0.295455  0.511742  0.000000
 0.016712 0.000000 0.002802 0.000000 0.000000 0.009983 0.000000 0.000628 0.013989
            0.292929  0.507368  0.000000
 0.016594 0.000000 0.003020 0.000000 0.000000 0.009794 0.000000 0.000690 0.014575
            0.290404  0.502995  0.000000
 0.016474 0.000000 0.003239 0.000000 0.000000 0.009613 0.000000 0.000760 0.015130
            0.287879  0.498621  0.000000
 0.016354 0.000000 0.003461 0.000000 0.000000 0.009442 0.000000 0.000836 0.015658
            0.285354  0.494247  0.000000
 0.016233 0.000000 0.003685 0.000000 0.000000 0.009279 0.000000 0.000919 0.016165
            0.282828  0.489873  0.000000
 0.016111 0.000000 0.003914 0.000000 0.000000 0.009123 0.000000 0.001008 0.016655
            0.280303  0.485499  0.000000
 0.015988 0.000000 0.004149 0.000000 0.000000 0.008973 0.000000 0.001106 0.017131
            0.277778  0.481125  0.000000
 0.015865 0.000000 0.004390 0.000000 0.000000 0.008828 0.000000 0.001214 0.017597
            0.275253  0.476751  0.000000
 0.015742 0.000000 0.004638 0.000000 0.000000 0.008687 0.000000 0.001334 0.018058
            0.272727  0.472377  0.000000
 0.015617 0.000000 0.004896 0.000000 0.000000 0.008550 0.000000 0.001468 0.018516
            0.270202  0.468004  0.000000
 0.015492 0.000000 0.005162 0.000000 0.000000 0.008416 0.000000 0.001620 0.018974
            0.267677  0.463630  0.000000
 0.015366 0.000000 0.005439 0.000000 0.000000 0.008283 0.000000 0.001793 0.019435
            0.265152  0.459256  0.000000
 0.015238 0.000000 0.005725 0.000000 0.000000 0.008152 0.000000 0.001990 0.019901
            0.262626  0.454882  0.000000
 0.015108 0.000000 0.006021 0.000000 0.000000 0.008023 0.000000 0.002211 0.020372
            0.260101  0.450508  0.000000
 0.014977 0.000000 0.006326 0.000000 0.000000 0.007895 0.000000 0.002459 0.020850
            0.257576  0.446134  0.000000
 0.014843 0.000000 0.006640 0.000000 0.000000 0.007768 0.000000 0.002733 0.021336
            0.255051  0.441760  0.000000
 0.014708 0.000000 0.006960 0.000000 0.000000 0.007643 0.000000 0.003030 0.021829
            0.252525  0.437387  0.000000
 0.014570 0.000000 0.007286 0.000000 0.000000 0.007520 0.000000 0.003350 0.022329
            0.250000  0.433013  0.000000
 0.014430 0.000000 0.007617 0.000000 0.000000 0.007400 0.000000 0.003687 0.022835
            0.247475  0.428639  0.000000
 0.014288 0.000000 0.007950 0.000000 0.000000 0.007283 0.000000 0.004039 0.023345
            0.244949  0.424265  0.000000
 0.014143 0.000000 0.008284 0.000000 0.000000 0.007170 0.000000 0.004400 0.023859
            0.242424  0.419891  0.000000
 0.013996 0.000000 0.008617 0.000000 0.000000 0.007061 0.000000 0.004766 0.024374
            0.239899  0.415517  0.000000
 0.013848 0.000000 0.008947 0.000000 0.000000 0.006956 0.000000 0.005132 0.024889
            0.237374  0.411143  0.000000
 0.013697 0.000000 0.009273 0.000000 0.000000 0.006857 0.000000 0.005493 0.025403
            0.234848  0.406770  0.000000
 0.013545 0.000000 0.009593 0.000000 0.000000 0.006763 0.000000 0.005845 0.025913
            0.232323  0.402396  0.000000
 0.013391 0.000000 0.009907 0.000000 0.000000 0.006675 0.000000 0.006185 0.026418
            0.229798  0.398022  0.000000
 0.013236 0.000000 0.010213 0.000000 0.000000 0.006592 0.000000 0.006508 0.026918
            0.227273  0.393648  0.000000
 0.013079 0.000000 0.010510 0.000000 0.000000 0.006514 0.000000 0.006812 0.027411
            0.224747  0.389274  0.000000
 0.012920 0.000000 0.010799 0.000000 0.000000 0.006441 0.000000 0.007097 0.027898
            0.222222  0.384900  0.000000
 0.012760 0.000000 0.011079 0.000000 0.000000 0.006371 0.000000 0.007362 0.028378
            0.219697  0.380526  0.000000
 0.012598 0.000000 0.011351 0.000000 0.000000 0.006305 0.000000 0.007606 0.028853
            0.217172  0.376152  0.000000
 0.012434 0.000000 0.011615 0.000000 0.000000 0.006240 0.000000 0.007833 0.029323
            0.214646  0.371779  0.000000
 0.012268 0.000000 0.011874 0.000000 0.000000 0.006176 0.000000 0.008043 0.029792
            0.212121  0.367405  0.000000
 0.012100 0.000000 0.012128 0.000000 0.000000 0.006111 0.000000 0.008242 0.030260
            0.209596  0.363031  0.000000
 0.011930 0.000000 0.012380 0.000000 0.000000 0.006043 0.000000 0.008433 0.030732
            0.207071  0.358657  0.000000
 0.011757 0.000000 0.012633 0.000000 0.000000 0.005970 0.000000 0.008621 0.031211
            0.204545  0.354283  0.000000
 0.011581 0.000000 0.012887 0.000000 0.000000 0.005891 0.000000 0.008812 0.031700
            0.202020  0.349909  0.000000
 0.011402 0.000000 0.013148 0.000000 0.000000 0.005804 0.000000 0.009013 0.032204
            0.199495  0.345535  0.000000
 0.011220 0.000000 0.013417 0.000000 0.000000 0.005707 0.000000 0.009230 0.032726
            0.196970  0.341162  0.000000
 0.011034 0.000000 0.013698 0.000000 0.000000 0.005598 0.000000 0.009470 0.033270
            0.194444  0.336788  0.000000
 0.010845 0.000000 0.013994 0.000000 0.000000 0.005476 0.000000 0.009740 0.033841
            0.191919  0.332414  0.000000
 0.010652 0.000000 0.014309 0.000000 0.000000 0.005339 0.000000 0.010048 0.034440
            0.189394  0.328040  0.000000
 0.010455 0.000000 0.014644 0.000000 0.000000 0.005187 0.000000 0.010399 0.035071
            0.186869  0.323666  0.000000
 0.010255 0.000000 0.015004 0.000000 0.000000 0.005018 0.000000 0.010801 0.035735
            0.184343  0.319292  0.000000
 0.010051 0.000000 0.015389 0.000000 0.000000 0.004832 0.000000 0.011260 0.036433
            0.181818  0.314918  0.000000
 0.009844 0.000000 0.015802 0.000000 0.000000 0.004631 0.000000 0.011782 0.037165
            0.179293  0.310544  0.000000
 0.009634 0.000000 0.016244 0.000000 0.000000 0.004413 0.000000 0.012370 0.037929
            0.176768  0.306171  0.000000
 0.009422 0.000000 0.016717 0.000000 0.000000 0.004181 0.000000 0.013028 0.038722
            0.174242  0.301797  0.000000
 0.009207 0.000000 0.017219 0.000000 0.000000 0.003936 0.000000 0.013759 0.039539
            0.171717  0.297423  0.000000
 0.008991 0.000000 0.017751 0.000000 0.000000 0.003680 0.000000 0.014565 0.040375
            0.169192  0.293049  0.000000
 0.008773 0.000000 0.018312 0.000000 0.000000 0.003416 0.000000 0.015448 0.041221
            0.166667  0.288675  0.000000
 0.008555 0.000000 0.018900 0.000000 0.000000 0.003145 0.000000 0.016409 0.042067
            0.164141  0.284301  0.000000
 0.008337 0.000000 0.019513 0.000000 0.000000 0.002873 0.000000 0.017453 0.042901
            0.161616  0.279927  0.000000
 0.008120 0.000000 0.020148 0.000000 0.000000 0.002601 0.000000 0.018585 0.043707
            0.159091  0.275554  0.000000
 0.007904 0.000000 0.020803 0.000000 0.000000 0.002333 0.000000 0.019816 0.044465
            0.156566  0.271180  0.000000
 0.007690 0.000000 0.021475 0.000000 0.000000 0.002072 0.000000 0.021161 0.045153
            0.154040  0.266806  0.000000
 0.007478 0.000000 0.022159 0.000000 0.000000 0.001822 0.000000 0.022645 0.045737
            0.151515  0.262432  0.000000
 0.007269 0.000000 0.022853 0.000000 0.000000 0.001585 0.000000 0.024306 0.046177
            0.148990  0.258058  0.000000
 0.007063 0.000000 0.023554 0.000000 0.000000 0.001365 0.000000 0.026195 0.046415
            0.146465  0.253684  0.000000
 0.006861 0.000000 0.024259 0.000000 0.000000 0.001163 0.000000 0.028388 0.046368
            0.143939  0.249310  0.000000
 0.006663 0.000000 0.024965 0.000000 0.000000 0.000981 0.000000 0.030976 0.045917
            0.141414  0.244936  0.000000
 0.006470 0.000000 0.025672 0.000000 0.000000 0.000819 0.000000 0.034067 0.044893
            0.138889  0.240563  0.000000
 0.006280 0.000000 0.026377 0.000000 0.000000 0.000680 0.000000 0.037738 0.043070
            0.136364  0.236189  0.000000
 0.006096 0.000000 0.027081 0.000000 0.000000 0.000561 0.000000 0.041961 0.040209
            0.133838  0.231815  0.000000
 0.005915 0.000000 0.027784 0.000000 0.000000 0.000463 0.000000 0.046476 0.036205
            0.131313  0.227441  0.000000
 0.005739 0.000000 0.028490 0.000000 0.000000 0.000386 0.000000 0.050788 0.031307
            0.128788  0.223067  0.000000
 0.005567 0.000000 0.029202 0.000000 0.000000 0.000328 0.000000 0.054412 0.026152
            0.126263  0.218693  0.000000
 0.005399 0.000000 0.029925 0.000000 0.000000 0.000289 0.000000 0.057169 0.021418
            0.123737  0.214319  0.000000
 0.005234 0.000000 0.030665 0.000000 0.000000 0.000268 0.000000 0.059186 0.017487
            0.121212  0.209946  0.000000
 0.005072 0.000000 0.031430 0.000000 0.000000 0.000262 0.000000 0.060695 0.014418
            0.118687  0.205572  0.000000
 0.004912 0.000000 0.032230 0.000000 0.000000 0.000269 0.000000 0.061901 0.012104
            0.116162  0.201198  0.000000
 0.004754 0.000000 0.033075 0.000000 0.000000 0.000282 0.000000 0.062954 0.010394
            0.113636  0.196824  0.000000
 0.004597 0.000000 0.033978 0.000000 0.000000 0.000298 0.000000 0.063952 0.009147
            0.111111  0.192450  0.000000
 0.004441 0.000000 0.034951 0.000000 0.000000 0.000310 0.000000 0.064965 0.008249
            0.108586  0.188076  0.000000
 0.004284 0.000000 0.036007 0.000000 0.000000 0.000316 0.000000 0.066042 0.007610
            0.106061  0.183702  0.000000
 0.004128 0.000000 0.037160 0.000000 0.000000 0.000313 0.000000 0.067224 0.007160
            0.103535  0.179328  0.000000
 0.003969 0.000000 0.038423 0.000000 0.000000 0.000296 0.000000 0.068541 0.006849
            0.101010  0.174955  0.000000
 0.003810 0.000000 0.039809 0.000000 0.000000 0.000266 0.000000 0.070019 0.006639
            0.098485  0.170581  0.000000
 0.003648 0.000000 0.041329 0.000000 0.000000 0.000222 0.000000 0.071678 0.006505
            0.095960  0.166207  0.000000
 0.003484 0.000000 0.042992 0.000000 0.000000 0.000169 0.000000 0.073534 0.006429
            0.093434  0.161833  0.000000
 0.003317 0.000000 0.044805 0.000000 0.000000 0.000129 0.000000 0.075597 0.006402
            0.090909  0.157459  0.000000
 0.003148 0.000000 0.046774 0.000000 0.000000 0.000158 0.000000 0.077872 0.006418
            0.088384  0.153085  0.000000
 0.002976 0.000000 0.048898 0.000000 0.000000 0.000260 0.000000 0.080355 0.006476
            0.085859  0.148711  0.000000
 0.002801 0.000000 0.051177 0.000000 0.000000 0.000399 0.000000 0.083038 0.006574
            0.083333  0.144338  0.000000
 0.002624 0.000000 0.053603 0.000000 0.000000 0.000562 0.000000 0.085904 0.006714
            0.080808  0.139964  0.000000
 0.002446 0.000000 0.056168 0.000000 0.000000 0.000743 0.000000 0.088927 0.006894
            0.078283  0.135590  0.000000
 0.002267 0.000000 0.058856 0.000000 0.000000 0.000938 0.000000 0.092074 0.007112
            0.075758  0.131216  0.000000
 0.002087 0.000000 0.061652 0.000000 0.000000 0.001142 0.000000 0.095303 0.007365
            0.073232  0.126842  0.000000
 0.001909 0.000000 0.064531 0.000000 0.000000 0.001351 0.000000 0.098566 0.007649
            0.070707  0.122468  0.000000
 0.001733 0.000000 0.067470 0.000000 0.000000 0.001560 0.000000 0.101804 0.007961
            0.068182  0.118094  0.000000
 0.001559 0.000000 0.070438 0.000000 0.000000 0.001764 0.000000 0.104955 0.008300
            0.065657  0.113721  0.000000
 0.001391 0.000000 0.073400 0.000000 0.000000 0.001959 0.000000 0.107951 0.008666
            0.063131  0.109347  0.000000
 0.001228 0.000000 0.076321 0.000000 0.000000 0.002139 0.000000 0.110719 0.009065
            0.060606  0.104973  0.000000
 0.001071 0.000000 0.079157 0.000000 0.000000 0.002299 0.000000 0.113185 0.009510
            0.058081  0.100599  0.000000
 0.000923 0.000000 0.081864 0.000000 0.000000 0.002435 0.000000 0.115274 0.010017
            0.055556  0.096225  0.000000
 0.000784 0.000000 0.084392 0.000000 0.000000 0.002544 0.000000 0.116911 0.010605
            0.053030  0.091851  0.000000
 0.000655 0.000000 0.086688 0.000000 0.000000 0.002622 0.000000 0.118029 0.011299
            0.050505  0.087477  0.000000
 0.000536 0.000000 0.088695 0.000000 0.000000 0.002666 0.000000 0.118562 0.012120
            0.047980  0.083103  0.000000
 0.000429 0.000000 0.090353 0.000000 0.000000 0.002676 0.000000 0.118456 0.013092
            0.045455  0.078730  0.000000
 0.000334 0.000000 0.091599 0.000000 0.000000 0.002650 0.000000 0.117663 0.014229
            0.042929  0.074356  0.000000
 0.000250 0.000000 0.092367 0.000000 0.000000 0.002589 0.000000 0.116149 0.015541
            0.040404  0.069982  0.000000
 0.000179 0.000000 0.092595 0.000000 0.000000 0.002496 0.000000 0.113891 0.017030
            0.037879  0.065608  0.000000
 0.000119 0.000000 0.092216 0.000000 0.000000 0.002371 0.000000 0.110881 0.018689
            0.035354  0.061234  0.000000
 0.000070 0.000000 0.091172 0.000000 0.000000 0.002219 0.000000 0.107122 0.020504
            0.032828  0.056860  0.000000
 0.000032 0.000000 0.089408 0.000000 0.000000 0.002044 0.000000 0.102633 0.022452
            0.030303  0.052486  0.000000
 0.000005 0.000000 0.086878 0.000000 0.000000 0.001850 0.000000 0.097442 0.024501
            0.027778  0.048113  0.000000
 0.000019 0.000000 0.083546 0.000000 0.000000 0.001642 0.000000 0.091590 0.026617
            0.025253  0.043739  0.000000
 0.000031 0.000000 0.079392 0.000000 0.000000 0.001427 0.000000 0.085127 0.028758
            0.022727  0.039365  0.000000
 0.000038 0.000000 0.074409 0.000000 0.000000 0.001210 0.000000 0.078110 0.030881
            0.020202  0.034991  0.000000
 0.000040 0.000000 0.068609 0.000000 0.000000 0.000997 0.000000 0.070600 0.032939
            0.017677  0.030617  0.000000
 0.000038 0.000000 0.062021 0.000000 0.000000 0.000793 0.000000 0.062659 0.034887
            0.015152  0.026243  0.000000
 0.000033 0.000000 0.054695 0.000000 0.000000 0.000604 0.000000 0.054350 0.036680
            0.012626  0.021869  0.000000
 0.000027 0.000000 0.046695 0.000000 0.000000 0.000434 0.000000 0.045734 0.038277
            0.010101  0.017495  0.000000
 0.000021 0.000000 0.038106 0.000000 0.000000 0.000289 0.000000 0.036871 0.039639
            0.007576  0.013122  0.000000
 0.000014 0.000000 0.029027 0.000000 0.000000 0.000172 0.000000 0.027816 0.040735
            0.005051  0.008748  0.000000
 0.000009 0.000000 0.019568 0.000000 0.000000 0.000086 0.000000 0.018620 0.041537
            0.002525  0.004374  0.000000
 0.000004 0.000000 0.009849 0.000000 0.000000 0.000031 0.000000 0.009333 0.042026
            0.000253  0.000437  0.000000
 0.000000 0.000000 0.000987 0.000000 0.000000 0.000003 0.000000 0.000934 0.042189
            0.000000  0.000506  0.000000
 0.000000 0.000000 0.000990 0.000000 0.000000 0.000000 0.000000 0.000939 0.042189
            0.000000  0.005064  0.000000
 0.000000 0.000000 0.009874 0.000000 0.000000 0.000000 0.000000 0.009385 0.042023
            0.000000  0.010129  0.000000
 0.000000 0.000000 0.019615 0.000000 0.000000 0.000000 0.000000 0.018724 0.041525
            0.000000  0.015193  0.000000
 0.000000 0.000000 0.029095 0.000000 0.000000 0.000000 0.000000 0.027970 0.040709
            0.000000  0.020258  0.000000
 0.000000 0.000000 0.038193 0.000000 0.000000 0.000000 0.000000 0.037071 0.039594
            0.000000  0.025322  0.000000
 0.000000 0.000000 0.046797 0.000000 0.000000 0.000000 0.000000 0.045978 0.038209
            0.000000  0.030387  0.000000
 0.000000 0.000000 0.054807 0.000000 0.000000 0.000000 0.000000 0.054633 0.036585
            0.000000  0.035451  0.000000
 0.000000 0.000000 0.062141 0.000000 0.000000 0.000000 0.000000 0.062979 0.034764
            0.000000  0.040516  0.000000
 0.000000 0.000000 0.068732 0.000000 0.000000 0.000000 0.000000 0.070955 0.032787
            0.000000  0.045580  0.000000
 0.000000 0.000000 0.074533 0.000000 0.000000 0.000000 0.000000 0.078499 0.030701
            0.000000  0.050645  0.000000
 0.000000 0.000000 0.079514 0.000000 0.000000 0.000000 0.000000 0.085550 0.028554
            0.000000  0.055709  0.000000
 0.000000 0.000000 0.083665 0.000000 0.000000 0.000000 0.000000 0.092050 0.026393
            0.000000  0.060774  0.000000
 0.000000 0.000000 0.086994 0.000000 0.000000 0.000000 0.000000 0.097942 0.024266
            0.000000  0.065838  0.000000
 0.000000 0.000000 0.089523 0.000000 0.000000 0.000000 0.000000 0.103181 0.022217
            0.000000  0.070903  0.000000
 0.000000 0.000000 0.091290 0.000000 0.000000 0.000000 0.000000 0.107729 0.020286
            0.000000  0.075967  0.000000
 0.000000 0.000000 0.092341 0.000000 0.000000 0.000000 0.000000 0.111556 0.018509
            0.000000  0.081032  0.000000
 0.000000 0.000000 0.092733 0.000000 0.000000 0.000000 0.000000 0.114648 0.016917
            0.000000  0.086096  0.000000
 0.000000 0.000000 0.092528 0.000000 0.000000 0.000000 0.000000 0.117002 0.015530
            0.000000  0.091161  0.000000
 0.000000 0.000000 0.091791 0.000000 0.000000 0.000000 0.000000 0.118629 0.014363
            0.000000  0.096225  0.000000
 0.000000 0.000000 0.090587 0.000000 0.000000 0.000000 0.000000 0.119550 0.013420
            0.000000  0.101290  0.000000
 0.000000 0.000000 0.088983 0.000000 0.000000 0.000000 0.000000 0.119801 0.012695
            0.000000  0.106354  0.000000
 0.000000 0.000000 0.087041 0.000000 0.000000 0.000000 0.000000 0.119428 0.012168
            0.000000  0.111418  0.000000
 0.000000 0.000000 0.084821 0.000000 0.000000 0.000000 0.000000 0.118484 0.011813
            0.000000  0.116483  0.000000
 0.000000 0.000000 0.082381 0.000000 0.000000 0.000000 0.000000 0.117031 0.011597
            0.000000  0.121547  0.000000
 0.000000 0.000000 0.079770 0.000000 0.000000 0.000000 0.000000 0.115135 0.011483
            0.000000  0.126612  0.000000
 0.000000 0.000000 0.077039 0.000000 0.000000 0.000000 0.000000 0.112867 0.011435
            0.000000  0.131676  0.000000
 0.000000 0.000000 0.074229 0.000000 0.000000 0.000000 0.000000 0.110297 0.011424
            0.000000  0.136741  0.000000
 0.000000 0.000000 0.071378 0.000000 0.000000 0.000000 0.000000 0.107495 0.011425
            0.000000  0.141805  0.000000
 0.000000 0.000000 0.068523 0.000000 0.000000 0.000000 0.000000 0.104530 0.011421
            0.000000  0.146870  0.000000
 0.000000 0.000000 0.065691 0.000000 0.000000 0.000000 0.000000 0.101463 0.011404
            0.000000  0.151934  0.000000
 0.000000 0.000000 0.062910 0.000000 0.000000 0.000000 0.000000 0.098353 0.011369
            0.000000  0.156999  0.000000
 0.000000 0.000000 0.060201 0.000000 0.000000 0.000000 0.000000 0.095249 0.011322
            0.000000  0.162063  0.000000
 0.000000 0.000000 0.057582 0.000000 0.000000 0.000000 0.000000 0.092197 0.011267
            0.000000  0.167128  0.000000
 0.000000 0.000000 0.055067 0.000000 0.000000 0.000000 0.000000 0.089232 0.011217
            0.000000  0.172192  0.000000
 0.000000 0.000000 0.052667 0.000000 0.000000 0.000000 0.000000 0.086381 0.011183
            0.000000  0.177257  0.000000
 0.000000 0.000000 0.050388 0.000000 0.000000 0.000000 0.000000 0.083666 0.011180
            0.000000  0.182321  0.000000
 0.000000 0.000000 0.048236 0.000000 0.000000 0.000000 0.000000 0.081100 0.011224
            0.000000  0.187386  0.000000
 0.000000 0.000000 0.046210 0.000000 0.000000 0.000000 0.000000 0.078689 0.011330
            0.000000  0.192450  0.000000
 0.000000 0.000000 0.044310 0.000000 0.000000 0.000000 0.000000 0.076433 0.011517
            0.000000  0.197515  0.000000
 0.000000 0.000000 0.042531 0.000000 0.000000 0.000000 0.000000 0.074326 0.011805
            0.000000  0.202579  0.000000
 0.000000 0.000000 0.040868 0.000000 0.000000 0.000000 0.000000 0.072356 0.012216
            0.000000  0.207644  0.000000
 0.000000 0.000000 0.039313 0.000000 0.000000 0.000000 0.000000 0.070506 0.012774
            0.000000  0.212708  0.000000
 0.000000 0.000000 0.037860 0.000000 0.000000 0.000000 0.000000 0.068753 0.013507
            0.000000  0.217772  0.000000
 0.000000 0.000000 0.036497 0.000000 0.000000 0.000000 0.000000 0.067069 0.014446
            0.000000  0.222837  0.000000
 0.000000 0.000000 0.035217 0.000000 0.000000 0.000000 0.000000 0.065419 0.015625
            0.000000  0.227901  0.000000
 0.000000 0.000000 0.034010 0.000000 0.000000 0.000000 0.000000 0.063759 0.017082
            0.000000  0.232966  0.000000
 0.000000 0.000000 0.032868 0.000000 0.000000 0.000000 0.000000 0.062038 0.018853
            0.000000  0.238030  0.000000
 0.000000 0.000000 0.031782 0.000000 0.000000 0.000000 0.000000 0.060193 0.020965
            0.000000  0.243095  0.000000
 0.000000 0.000000 0.030744 0.000000 0.000000 0.000000 0.000000 0.058155 0.023423
            0.000000  0.248159  0.000000
 0.000000 0.000000 0.029749 0.000000 0.000000 0.000000 0.000000 0.055858 0.026192
            0.000000  0.253224  0.000000
 0.000000 0.000000 0.028790 0.000000 0.000000 0.000000 0.000000 0.053260 0.029173
            0.000000  0.258288  0.000000
 0.000000 0.000000 0.027863 0.000000 0.000000 0.000000 0.000000 0.050369 0.032205
            0.000000  0.263353  0.000000
 0.000000 0.000000 0.026965 0.000000 0.000000 0.000000 0.000000 0.047261 0.035086
            0.000000  0.268417  0.000000
 0.000000 0.000000 0.026092 0.000000 0.000000 0.000000 0.000000 0.044076 0.037625
            0.000000  0.273482  0.000000
 0.000000 0.000000 0.025243 0.000000 0.000000 0.000000 0.000000 0.040971 0.039702
            0.000000  0.278546  0.000000
 0.000000 0.000000 0.024416 0.000000 0.000000 0.000000 0.000000 0.038080 0.041279
            0.000000  0.283611  0.000000
 0.000000 0.000000 0.023610 0.000000 0.000000 0.000000 0.000000 0.035482 0.042388
            0.000000  0.288675  0.000000
 0.000000 0.000000 0.022827 0.000000 0.000000 0.000000 0.000000 0.033207 0.043096
            0.000000  0.293740  0.000000
 0.000000 0.000000 0.022065 0.000000 0.000000 0.000000 0.000000 0.031246 0.043482
            0.000000  0.298804  0.000000
 0.000000 0.000000 0.021326 0.000000 0.000000 0.000000 0.000000 0.029575 0.043616
            0.000000  0.303869  0.000000
 0.000000 0.000000 0.020609 0.000000 0.000000 0.000000 0.000000 0.028159 0.043558
            0.000000  0.308933  0.000000
 0.000000 0.000000 0.019916 0.000000 0.000000 0.000000 0.000000 0.026964 0.043357
            0.000000  0.313998  0.000000
 0.000000 0.000000 0.019247 0.000000 0.000000 0.000000 0.000000 0.025959 0.043051
            0.000000  0.319062  0.000000
 0.000000 0.000000 0.018603 0.000000 0.000000 0.000000 0.000000 0.025118 0.042670
            0.000000  0.324126  0.000000
 0.000000 0.000000 0.017983 0.000000 0.000000 0.000000 0.000000 0.024417 0.042235
            0.000000  0.329191  0.000000
 0.000000 0.000000 0.017388 0.000000 0.000000 0.000000 0.000000 0.023838 0.041764
            0.000000  0.334255  0.000000
 0.000000 0.000000 0.016817 0.000000 0.000000 0.000000 0.000000 0.023364 0.041272
            0.000000  0.339320  0.000000
 0.000000 0.000000 0.016270 0.000000 0.000000 0.000000 0.000000 0.022981 0.040768
            0.000000  0.344384  0.000000
 0.000000 0.000000 0.015746 0.000000 0.000000 0.000000 0.000000 0.022678 0.040260
            0.000000  0.349449  0.000000
 0.000000 0.000000 0.015244 0.000000 0.000000 0.000000 0.000000 0.022446 0.039754
            0.000000  0.354513  0.000000
 0.000000 0.000000 0.014763 0.000000 0.000000 0.000000 0.000000 0.022275 0.039254
            0.000000  0.359578  0.000000
 0.000000 0.000000 0.014300 0.000000 0.000000 0.000000 0.000000 0.022159 0.038762
            0.000000  0.364642  0.000000
 0.000000 0.000000 0.013855 0.000000 0.000000 0.000000 0.000000 0.022092 0.038280
            0.000000  0.369707  0.000000
 0.000000 0.000000 0.013425 0.000000 0.000000 0.000000 0.000000 0.022068 0.037808
            0.000000  0.374771  0.000000
 0.000000 0.000000 0.013009 0.000000 0.000000 0.000000 0.000000 0.022083 0.037346
            0.000000  0.379836  0.000000
 0.000000 0.000000 0.012604 0.000000 0.000000 0.000000 0.000000 0.022134 0.036894
            0.000000  0.384900  0.000000
 0.000000 0.000000 0.012210 0.000000 0.000000 0.000000 0.000000 0.022216 0.036451
            0.000000  0.389965  0.000000
 0.000000 0.000000 0.011825 0.000000 0.000000 0.000000 0.000000 0.022327 0.036015
            0.000000  0.395029  0.000000
 0.000000 0.000000 0.011446 0.000000 0.000000 0.000000 0.000000 0.022465 0.035585
            0.000000  0.400094  0.000000
 0.000000 0.000000 0.011073 0.000000 0.000000 0.000000 0.000000 0.022628 0.035161
            0.000000  0.405158  0.000000
 0.000000 0.000000 0.010705 0.000000 0.000000 0.000000 0.000000 0.022812 0.034741
            0.000000  0.410223  0.000000
 0.000000 0.000000 0.010340 0.000000 0.000000 0.000000 0.000000 0.023017 0.034324
            0.000000  0.415287  0.000000
 0.000000 0.000000 0.009978 0.000000 0.000000 0.000000 0.000000 0.023241 0.033910
            0.000000  0.420352  0.000000
 0.000000 0.000000 0.009618 0.000000 0.000000 0.000000 0.000000 0.023482 0.033499
            0.000000  0.425416  0.000000
 0.000000 0.000000 0.009261 0.000000 0.000000 0.000000 0.000000 0.023738 0.033089
            0.000000  0.430480  0.000000
 0.000000 0.000000 0.008905 0.000000 0.000000 0.000000 0.000000 0.024007 0.032683
            0.000000  0.435545  0.000000
 0.000000 0.000000 0.008552 0.000000 0.000000 0.000000 0.000000 0.024288 0.032280
            0.000000  0.440609  0.000000
 0.000000 0.000000 0.008201 0.000000 0.000000 0.000000 0.000000 0.024579 0.031881
            0.000000  0.445674  0.000000
 0.000000 0.000000 0.007852 0.000000 0.000000 0.000000 0.000000 0.024877 0.031487
            0.000000  0.450738  0.000000
 0.000000 0.000000 0.007506 0.000000 0.000000 0.000000 0.000000 0.025180 0.031101
            0.000000  0.455803  0.000000
 0.000000 0.000000 0.007163 0.000000 0.000000 0.000000 0.000000 0.025488 0.030722
            0.000000  0.460867  0.000000
 0.000000 0.000000 0.006823 0.000000 0.000000 0.000000 0.000000 0.025797 0.030354
            0.000000  0.465932  0.000000
 0.000000 0.000000 0.006487 0.000000 0.000000 0.000000 0.000000 0.026105 0.029997
            0.000000  0.470996  0.000000
 0.000000 0.000000 0.006156 0.000000 0.000000 0.000000 0.000000 0.026412 0.029654
            0.000000  0.476061  0.000000
 0.000000 0.000000 0.005828 0.000000 0.000000 0.000000 0.000000 0.026714 0.029325
            0.000000  0.481125  0.000000
 0.000000 0.000000 0.005506 0.000000 0.000000 0.000000 0.000000 0.027010 0.029013
            0.000000  0.486190  0.000000
 0.000000 0.000000 0.005188 0.000000 0.000000 0.000000 0.000000 0.027299 0.028719
            0.000000  0.491254  0.000000
 0.000000 0.000000 0.004874 0.000000 0.000000 0.000000 0.000000 0.027579 0.028443
            0.000000  0.496319  0.000000
 0.000000 0.000000 0.004566 0.000000 0.000000 0.000000 0.000000 0.027849 0.028188
            0.000000  0.501383  0.000000
 0.000000 0.000000 0.004261 0.000000 0.000000 0.000000 0.000000 0.028108 0.027952
            0.000000  0.506448  0.000000
 0.000000 0.000000 0.003962 0.000000 0.000000 0.000000 0.000000 0.028354 0.027738
            0.000000  0.511512  0.000000
 0.000000 0.000000 0.003666 0.000000 0.000000 0.000000 0.000000 0.028587 0.027544
            0.000000  0.516577  0.000000
 0.000000 0.000000 0.003374 0.000000 0.000000 0.000000 0.000000 0.028805 0.027370
            0.000000  0.521641  0.000000
 0.000000 0.000000 0.003086 0.000000 0.000000 0.000000 0.000000 0.029009 0.027216
            0.000000  0.526706  0.000000
 0.000000 0.000000 0.002802 0.000000 0.000000 0.000000 0.000000 0.029196 0.027081
            0.000000  0.531770  0.000000
 0.000000 0.000000 0.002521 0.000000 0.000000 0.000000 0.000000 0.029368 0.026965
            0.000000  0.536834  0.000000
 0.000000 0.000000 0.002243 0.000000 0.000000 0.000000 0.000000 0.029523 0.026865
            0.000000  0.541899  0.000000
 0.000000 0.000000 0.001968 0.000000 0.000000 0.000000 0.000000 0.029661 0.026781
            0.000000  0.546963  0.000000
 0.000000 0.000000 0.001696 0.000000 0.000000 0.000000 0.000000 0.029781 0.026711
            0.000000  0.552028  0.000000
 0.000000 0.000000 0.001428 0.000000 0.000000 0.000000 0.000000 0.029883 0.026655
            0.000000  0.557092  0.000000
 0.000000 0.000000 0.001165 0.000000 0.000000 0.000000 0.000000 0.029967 0.026611
            0.000000  0.562157  0.000000
 0.000000 0.000000 0.000911 0.000000 0.000000 0.000000 0.000000 0.030033 0.026578
            0.000000  0.567221  0.000000
 0.000000 0.000000 0.000674 0.000000 0.000000 0.000000 0.000000 0.030080 0.026554
            0.000000  0.572286  0.000000
 0.000000 0.000000 0.000479 0.000000 0.000000 0.000000 0.000000 0.030108 0.026541
            0.000000  0.577350  0.000000
 0.000000 0.000000 0.000393 0.000000 0.000000 0.000000 0.000000 0.030117 0.026536
