 &plot nbnd=   9, nks=   248 /
            0.333333  0.577350  0.000000
 0.000000 0.000000 0.000000 0.007729 0.000000 0.000000 0.032936 0.000000 0.000000
            0.330808  0.572976  0.000000
 0.000448 0.000012 0.000007 0.007685 0.000011 0.002037 0.023342 0.000017 0.023243
            0.328283  0.568603  0.000000
 0.000873 0.000023 0.000014 0.007588 0.000021 0.004061 0.023299 0.000033 0.023285
            0.325758  0.564229  0.000000
 0.001275 0.000035 0.000022 0.007443 0.000029 0.006058 0.023248 0.000047 0.023329
            0.323232  0.559855  0.000000
 0.001653 0.000047 0.000030 0.007256 0.000035 0.008012 0.023180 0.000058 0.023384
            0.320707  0.555481  0.000000
 0.002007 0.000057 0.000038 0.007033 0.000039 0.009913 0.023096 0.000065 0.023453
            0.318182  0.551107  0.000000
 0.002337 0.000067 0.000045 0.006779 0.000040 0.011752 0.022998 0.000069 0.023534
            0.315657  0.546733  0.000000
 0.002644 0.000076 0.000051 0.006502 0.000040 0.013521 0.022890 0.000068 0.023625
            0.313131  0.542359  0.000000
 0.002929 0.000082 0.000056 0.006204 0.000037 0.015218 0.022775 0.000065 0.023726
            0.310606  0.537985  0.000000
 0.003192 0.000087 0.000059 0.005892 0.000033 0.016841 0.022655 0.000060 0.023835
            0.308081  0.533612  0.000000
 0.003435 0.000089 0.000062 0.005568 0.000029 0.018390 0.022533 0.000058 0.023952
            0.305556  0.529238  0.000000
 0.003656 0.000090 0.000063 0.005236 0.000024 0.019866 0.022412 0.000063 0.024077
            0.303030  0.524864  0.000000
 0.003856 0.000090 0.000064 0.004900 0.000020 0.021274 0.022292 0.000076 0.024210
            0.300505  0.520490  0.000000
 0.004033 0.000089 0.000064 0.004562 0.000016 0.022616 0.022174 0.000097 0.024352
            0.297980  0.516116  0.000000
 0.004186 0.000089 0.000065 0.004228 0.000014 0.023898 0.022061 0.000122 0.024505
            0.295455  0.511742  0.000000
 0.004313 0.000091 0.000067 0.003901 0.000014 0.025124 0.021951 0.000148 0.024673
            0.292929  0.507368  0.000000
 0.004411 0.000094 0.000070 0.003589 0.000013 0.026299 0.021844 0.000174 0.024858
            0.290404  0.502995  0.000000
 0.004480 0.000099 0.000074 0.003295 0.000012 0.027429 0.021740 0.000198 0.025064
            0.287879  0.498621  0.000000
 0.004519 0.000105 0.000080 0.003025 0.000012 0.028518 0.021639 0.000219 0.025296
            0.285354  0.494247  0.000000
 0.004527 0.000111 0.000086 0.002783 0.000011 0.029573 0.021539 0.000236 0.025557
            0.282828  0.489873  0.000000
 0.004504 0.000116 0.000093 0.002573 0.000013 0.030599 0.021440 0.000248 0.025851
            0.280303  0.485499  0.000000
 0.004450 0.000119 0.000099 0.002398 0.000017 0.031601 0.021340 0.000255 0.026185
            0.277778  0.481125  0.000000
 0.004366 0.000121 0.000105 0.002256 0.000022 0.032584 0.021239 0.000255 0.026560
            0.275253  0.476751  0.000000
 0.004251 0.000119 0.000108 0.002147 0.000027 0.033554 0.021135 0.000250 0.026981
            0.272727  0.472377  0.000000
 0.004107 0.000115 0.000109 0.002067 0.000033 0.034515 0.021028 0.000239 0.027451
            0.270202  0.468004  0.000000
 0.003936 0.000109 0.000107 0.002016 0.000037 0.035472 0.020916 0.000223 0.027972
            0.267677  0.463630  0.000000
 0.003740 0.000101 0.000102 0.001989 0.000040 0.036428 0.020799 0.000202 0.028545
            0.265152  0.459256  0.000000
 0.003523 0.000090 0.000095 0.001988 0.000041 0.037388 0.020678 0.000177 0.029170
            0.262626  0.454882  0.000000
 0.003287 0.000077 0.000084 0.002013 0.000040 0.038355 0.020551 0.000149 0.029848
            0.260101  0.450508  0.000000
 0.003037 0.000063 0.000071 0.002068 0.000037 0.039330 0.020418 0.000118 0.030576
            0.257576  0.446134  0.000000
 0.002777 0.000048 0.000056 0.002157 0.000031 0.040316 0.020280 0.000087 0.031351
            0.255051  0.441760  0.000000
 0.002514 0.000032 0.000038 0.002281 0.000023 0.041315 0.020138 0.000057 0.032170
            0.252525  0.437387  0.000000
 0.002253 0.000016 0.000020 0.002442 0.000012 0.042328 0.019991 0.000027 0.033029
            0.250000  0.433013  0.000000
 0.001999 0.000000 0.000000 0.002639 0.000000 0.043355 0.019840 0.000000 0.033922
            0.247475  0.428639  0.000000
 0.001757 0.000015 0.000021 0.002867 0.000014 0.044398 0.019687 0.000024 0.034843
            0.244949  0.424265  0.000000
 0.001534 0.000029 0.000042 0.003120 0.000028 0.045457 0.019531 0.000043 0.035786
            0.242424  0.419891  0.000000
 0.001333 0.000041 0.000063 0.003390 0.000043 0.046531 0.019373 0.000058 0.036745
            0.239899  0.415517  0.000000
 0.001158 0.000051 0.000084 0.003669 0.000058 0.047621 0.019215 0.000068 0.037714
            0.237374  0.411143  0.000000
 0.001011 0.000058 0.000106 0.003950 0.000072 0.048726 0.019057 0.000072 0.038686
            0.234848  0.406770  0.000000
 0.000891 0.000062 0.000126 0.004226 0.000085 0.049847 0.018899 0.000072 0.039655
            0.232323  0.402396  0.000000
 0.000798 0.000063 0.000146 0.004489 0.000096 0.050984 0.018741 0.000069 0.040617
            0.229798  0.398022  0.000000
 0.000727 0.000061 0.000165 0.004734 0.000106 0.052136 0.018585 0.000066 0.041568
            0.227273  0.393648  0.000000
 0.000676 0.000058 0.000182 0.004959 0.000113 0.053303 0.018429 0.000068 0.042506
            0.224747  0.389274  0.000000
 0.000641 0.000053 0.000197 0.005159 0.000119 0.054487 0.018274 0.000081 0.043428
            0.222222  0.384900  0.000000
 0.000621 0.000049 0.000209 0.005335 0.000123 0.055687 0.018119 0.000102 0.044337
            0.219697  0.380526  0.000000
 0.000618 0.000047 0.000219 0.005488 0.000126 0.056905 0.017963 0.000131 0.045234
            0.217172  0.376152  0.000000
 0.000632 0.000050 0.000224 0.005621 0.000128 0.058142 0.017807 0.000164 0.046123
            0.214646  0.371779  0.000000
 0.000664 0.000056 0.000226 0.005738 0.000129 0.059399 0.017649 0.000199 0.047010
            0.212121  0.367405  0.000000
 0.000711 0.000065 0.000225 0.005844 0.000130 0.060680 0.017488 0.000233 0.047902
            0.209596  0.363031  0.000000
 0.000768 0.000075 0.000220 0.005947 0.000131 0.061987 0.017324 0.000266 0.048809
            0.207071  0.358657  0.000000
 0.000829 0.000083 0.000211 0.006052 0.000131 0.063325 0.017155 0.000297 0.049740
            0.204545  0.354283  0.000000
 0.000888 0.000091 0.000200 0.006168 0.000132 0.064696 0.016982 0.000322 0.050709
            0.202020  0.349909  0.000000
 0.000938 0.000096 0.000186 0.006302 0.000132 0.066108 0.016802 0.000343 0.051728
            0.199495  0.345535  0.000000
 0.000973 0.000100 0.000170 0.006460 0.000130 0.067563 0.016615 0.000357 0.052811
            0.196970  0.341162  0.000000
 0.000989 0.000101 0.000154 0.006649 0.000128 0.069070 0.016421 0.000365 0.053970
            0.194444  0.336788  0.000000
 0.000979 0.000100 0.000136 0.006874 0.000124 0.070632 0.016219 0.000366 0.055220
            0.191919  0.332414  0.000000
 0.000943 0.000097 0.000119 0.007142 0.000118 0.072256 0.016009 0.000359 0.056574
            0.189394  0.328040  0.000000
 0.000876 0.000093 0.000101 0.007457 0.000111 0.073948 0.015790 0.000345 0.058044
            0.186869  0.323666  0.000000
 0.000780 0.000087 0.000085 0.007824 0.000101 0.075711 0.015563 0.000324 0.059641
            0.184343  0.319292  0.000000
 0.000653 0.000080 0.000070 0.008249 0.000090 0.077550 0.015327 0.000296 0.061373
            0.181818  0.314918  0.000000
 0.000502 0.000071 0.000056 0.008734 0.000078 0.079467 0.015082 0.000263 0.063248
            0.179293  0.310544  0.000000
 0.000336 0.000062 0.000044 0.009282 0.000065 0.081465 0.014829 0.000225 0.065269
            0.176768  0.306171  0.000000
 0.000210 0.000051 0.000033 0.009895 0.000051 0.083542 0.014568 0.000183 0.067440
            0.174242  0.301797  0.000000
 0.000276 0.000039 0.000023 0.010573 0.000037 0.085697 0.014300 0.000138 0.069758
            0.171717  0.297423  0.000000
 0.000485 0.000027 0.000015 0.011313 0.000024 0.087927 0.014025 0.000092 0.072219
            0.169192  0.293049  0.000000
 0.000735 0.000014 0.000007 0.012111 0.000011 0.090228 0.013743 0.000045 0.074817
            0.166667  0.288675  0.000000
 0.000998 0.000000 0.000000 0.012964 0.000000 0.092593 0.013456 0.000000 0.077542
            0.164141  0.284301  0.000000
 0.001264 0.000014 0.000007 0.013865 0.000011 0.095016 0.013163 0.000043 0.080380
            0.161616  0.279927  0.000000
 0.001525 0.000028 0.000013 0.014809 0.000019 0.097488 0.012865 0.000082 0.083317
            0.159091  0.275554  0.000000
 0.001774 0.000040 0.000018 0.015788 0.000026 0.100000 0.012563 0.000116 0.086336
            0.156566  0.271180  0.000000
 0.002005 0.000052 0.000023 0.016798 0.000032 0.102543 0.012257 0.000145 0.089417
            0.154040  0.266806  0.000000
 0.002213 0.000063 0.000028 0.017834 0.000035 0.105107 0.011947 0.000168 0.092543
            0.151515  0.262432  0.000000
 0.002394 0.000071 0.000032 0.018896 0.000038 0.107684 0.011633 0.000184 0.095692
            0.148990  0.258058  0.000000
 0.002544 0.000077 0.000036 0.019982 0.000039 0.110264 0.011317 0.000194 0.098848
            0.146465  0.253684  0.000000
 0.002660 0.000081 0.000040 0.021099 0.000040 0.112840 0.010999 0.000197 0.101992
            0.143939  0.249310  0.000000
 0.002742 0.000082 0.000043 0.022252 0.000042 0.115403 0.010680 0.000194 0.105111
            0.141414  0.244936  0.000000
 0.002789 0.000080 0.000047 0.023454 0.000044 0.117949 0.010360 0.000185 0.108193
            0.138889  0.240563  0.000000
 0.002801 0.000075 0.000051 0.024720 0.000047 0.120472 0.010042 0.000170 0.111231
            0.136364  0.236189  0.000000
 0.002781 0.000068 0.000057 0.026071 0.000053 0.122969 0.009726 0.000152 0.114221
            0.133838  0.231815  0.000000
 0.002732 0.000058 0.000063 0.027532 0.000060 0.125439 0.009414 0.000130 0.117168
            0.131313  0.227441  0.000000
 0.002658 0.000045 0.000071 0.029131 0.000068 0.127880 0.009108 0.000106 0.120078
            0.128788  0.223067  0.000000
 0.002563 0.000031 0.000079 0.030900 0.000077 0.130295 0.008809 0.000082 0.122965
            0.126263  0.218693  0.000000
 0.002453 0.000016 0.000088 0.032873 0.000087 0.132685 0.008519 0.000058 0.125850
            0.123737  0.214319  0.000000
 0.002333 0.000002 0.000097 0.035084 0.000095 0.135054 0.008238 0.000038 0.128756
            0.121212  0.209946  0.000000
 0.002209 0.000018 0.000106 0.037568 0.000103 0.137407 0.007967 0.000029 0.131715
            0.118687  0.205572  0.000000
 0.002086 0.000034 0.000115 0.040356 0.000110 0.139748 0.007707 0.000036 0.134761
            0.116162  0.201198  0.000000
 0.001968 0.000050 0.000122 0.043476 0.000114 0.142087 0.007457 0.000050 0.137934
            0.113636  0.196824  0.000000
 0.001860 0.000064 0.000127 0.046948 0.000117 0.144432 0.007215 0.000064 0.141275
            0.111111  0.192450  0.000000
 0.001766 0.000076 0.000130 0.050788 0.000118 0.146792 0.006982 0.000075 0.144828
            0.108586  0.188076  0.000000
 0.001687 0.000086 0.000132 0.055003 0.000116 0.149182 0.006754 0.000083 0.148638
            0.106061  0.183702  0.000000
 0.001626 0.000092 0.000130 0.059598 0.000111 0.151614 0.006531 0.000087 0.152749
            0.103535  0.179328  0.000000
 0.001586 0.000096 0.000126 0.064570 0.000104 0.154104 0.006310 0.000088 0.157201
            0.101010  0.174955  0.000000
 0.001569 0.000095 0.000119 0.069918 0.000095 0.156668 0.006088 0.000085 0.162032
            0.098485  0.170581  0.000000
 0.001578 0.000090 0.000109 0.075640 0.000084 0.159319 0.005865 0.000079 0.167274
            0.095960  0.166207  0.000000
 0.001615 0.000082 0.000096 0.081740 0.000071 0.162065 0.005637 0.000071 0.172951
            0.093434  0.161833  0.000000
 0.001681 0.000071 0.000081 0.088223 0.000057 0.164911 0.005404 0.000060 0.179074
            0.090909  0.157459  0.000000
 0.001777 0.000056 0.000063 0.095106 0.000042 0.167849 0.005165 0.000046 0.185648
            0.088384  0.153085  0.000000
 0.001903 0.000039 0.000043 0.102405 0.000027 0.170863 0.004918 0.000032 0.192658
            0.085859  0.148711  0.000000
 0.002055 0.000020 0.000022 0.110146 0.000013 0.173923 0.004663 0.000016 0.200077
            0.083333  0.144338  0.000000
 0.002228 0.000000 0.000000 0.118357 0.000000 0.176983 0.004400 0.000000 0.207859
            0.080808  0.139964  0.000000
 0.002418 0.000020 0.000022 0.127068 0.000010 0.179984 0.004129 0.000016 0.215938
            0.078283  0.135590  0.000000
 0.002617 0.000040 0.000044 0.136307 0.000019 0.182847 0.003852 0.000031 0.224230
            0.075758  0.131216  0.000000
 0.002820 0.000058 0.000065 0.146096 0.000023 0.185484 0.003568 0.000045 0.232627
            0.073232  0.126842  0.000000
 0.003020 0.000073 0.000084 0.156447 0.000024 0.187789 0.003278 0.000057 0.241004
            0.070707  0.122468  0.000000
 0.003209 0.000085 0.000099 0.167352 0.000021 0.189653 0.002985 0.000067 0.249212
            0.068182  0.118094  0.000000
 0.003383 0.000094 0.000111 0.178778 0.000013 0.190966 0.002689 0.000075 0.257087
            0.065657  0.113721  0.000000
 0.003535 0.000099 0.000119 0.190649 0.000005 0.191631 0.002393 0.000079 0.264450
            0.063131  0.109347  0.000000
 0.003660 0.000100 0.000121 0.202848 0.000020 0.191579 0.002098 0.000082 0.271107
            0.060606  0.104973  0.000000
 0.003754 0.000096 0.000119 0.215200 0.000043 0.190780 0.001807 0.000085 0.276860
            0.058081  0.100599  0.000000
 0.003813 0.000088 0.000111 0.227479 0.000071 0.189264 0.001522 0.000089 0.281509
            0.055556  0.096225  0.000000
 0.003837 0.000075 0.000098 0.239411 0.000103 0.187121 0.001248 0.000099 0.284861
            0.053030  0.091851  0.000000
 0.003823 0.000059 0.000082 0.250689 0.000139 0.184501 0.000987 0.000117 0.286737
            0.050505  0.087477  0.000000
 0.003771 0.000038 0.000063 0.260990 0.000178 0.181601 0.000745 0.000145 0.286978
            0.047980  0.083103  0.000000
 0.003682 0.000016 0.000044 0.269990 0.000219 0.178638 0.000529 0.000181 0.285457
            0.045455  0.078730  0.000000
 0.003559 0.000018 0.000033 0.277383 0.000262 0.175826 0.000352 0.000225 0.282085
            0.042929  0.074356  0.000000
 0.003403 0.000045 0.000040 0.282885 0.000305 0.173352 0.000244 0.000276 0.276817
            0.040404  0.069982  0.000000
 0.003219 0.000075 0.000059 0.286242 0.000349 0.171361 0.000244 0.000332 0.269651
            0.037879  0.065608  0.000000
 0.003010 0.000104 0.000081 0.287228 0.000391 0.169948 0.000311 0.000391 0.260635
            0.035354  0.061234  0.000000
 0.002780 0.000132 0.000101 0.285656 0.000430 0.169155 0.000385 0.000451 0.249861
            0.032828  0.056860  0.000000
 0.002535 0.000157 0.000119 0.281375 0.000467 0.168983 0.000443 0.000509 0.237457
            0.030303  0.052486  0.000000
 0.002279 0.000179 0.000134 0.274279 0.000498 0.169392 0.000478 0.000563 0.223581
            0.027778  0.048113  0.000000
 0.002017 0.000195 0.000144 0.264308 0.000523 0.170314 0.000491 0.000611 0.208407
            0.025253  0.043739  0.000000
 0.001755 0.000205 0.000150 0.251459 0.000539 0.171660 0.000483 0.000649 0.192119
            0.022727  0.039365  0.000000
 0.001496 0.000209 0.000152 0.235780 0.000546 0.173326 0.000459 0.000673 0.174896
            0.020202  0.034991  0.000000
 0.001246 0.000206 0.000149 0.217377 0.000541 0.175203 0.000423 0.000681 0.156909
            0.017677  0.030617  0.000000
 0.001009 0.000196 0.000141 0.196407 0.000523 0.177177 0.000379 0.000671 0.138313
            0.015152  0.026243  0.000000
 0.000789 0.000180 0.000129 0.173076 0.000491 0.179141 0.000331 0.000639 0.119240
            0.012626  0.021869  0.000000
 0.000589 0.000158 0.000114 0.147638 0.000443 0.180991 0.000281 0.000584 0.099807
            0.010101  0.017495  0.000000
 0.000414 0.000131 0.000095 0.120382 0.000381 0.182636 0.000231 0.000507 0.080107
            0.007576  0.013122  0.000000
 0.000265 0.000100 0.000074 0.091631 0.000304 0.183996 0.000181 0.000407 0.060218
            0.005051  0.008748  0.000000
 0.000145 0.000067 0.000051 0.061735 0.000213 0.185008 0.000127 0.000287 0.040204
            0.002525  0.004374  0.000000
 0.000057 0.000033 0.000026 0.031064 0.000111 0.185626 0.000068 0.000150 0.020116
            0.000253  0.000437  0.000000
 0.000004 0.000003 0.000003 0.003113 0.000011 0.185821 0.000007 0.000015 0.002012
            0.000000  0.000506  0.000000
 0.000006 0.000002 0.000003 0.003124 0.000005 0.185818 0.000003 0.000005 0.002013
            0.000000  0.005064  0.000000
 0.000061 0.000027 0.000032 0.031171 0.000044 0.185598 0.000036 0.000044 0.020135
            0.000000  0.010129  0.000000
 0.000117 0.000055 0.000064 0.061945 0.000082 0.184951 0.000078 0.000080 0.040245
            0.000000  0.015193  0.000000
 0.000167 0.000084 0.000093 0.091934 0.000112 0.183912 0.000126 0.000107 0.060287
            0.000000  0.020258  0.000000
 0.000210 0.000112 0.000121 0.120765 0.000134 0.182526 0.000179 0.000126 0.080208
            0.000000  0.025322  0.000000
 0.000245 0.000138 0.000144 0.148086 0.000148 0.180860 0.000236 0.000136 0.099945
            0.000000  0.030387  0.000000
 0.000271 0.000161 0.000164 0.173571 0.000153 0.178995 0.000292 0.000139 0.119421
            0.000000  0.035451  0.000000
 0.000289 0.000180 0.000179 0.196930 0.000150 0.177024 0.000345 0.000136 0.138544
            0.000000  0.040516  0.000000
 0.000298 0.000195 0.000189 0.217909 0.000141 0.175052 0.000391 0.000130 0.157202
            0.000000  0.045580  0.000000
 0.000299 0.000203 0.000193 0.236303 0.000127 0.173193 0.000428 0.000123 0.175264
            0.000000  0.050645  0.000000
 0.000292 0.000206 0.000191 0.251953 0.000112 0.171563 0.000452 0.000118 0.192580
            0.000000  0.055709  0.000000
 0.000278 0.000202 0.000185 0.264756 0.000098 0.170278 0.000461 0.000116 0.208988
            0.000000  0.060774  0.000000
 0.000258 0.000192 0.000172 0.274663 0.000088 0.169449 0.000454 0.000114 0.224313
            0.000000  0.065838  0.000000
 0.000231 0.000177 0.000156 0.281677 0.000081 0.169175 0.000430 0.000112 0.238378
            0.000000  0.070903  0.000000
 0.000200 0.000155 0.000135 0.285854 0.000076 0.169535 0.000389 0.000106 0.251015
            0.000000  0.075967  0.000000
 0.000165 0.000130 0.000111 0.287294 0.000071 0.170582 0.000333 0.000096 0.262070
            0.000000  0.081032  0.000000
 0.000127 0.000100 0.000084 0.286139 0.000062 0.172331 0.000263 0.000080 0.271418
            0.000000  0.086096  0.000000
 0.000086 0.000068 0.000056 0.282567 0.000048 0.174750 0.000182 0.000058 0.278968
            0.000000  0.091161  0.000000
 0.000043 0.000034 0.000028 0.276789 0.000027 0.177750 0.000093 0.000032 0.284670
            0.000000  0.096225  0.000000
 0.000000 0.000000 0.000000 0.269050 0.000000 0.181184 0.000000 0.000000 0.288519
            0.000000  0.101290  0.000000
 0.000043 0.000033 0.000026 0.259628 0.000033 0.184849 0.000094 0.000034 0.290554
            0.000000  0.106354  0.000000
 0.000085 0.000065 0.000050 0.248837 0.000070 0.188498 0.000186 0.000070 0.290853
            0.000000  0.111418  0.000000
 0.000124 0.000094 0.000071 0.237018 0.000110 0.191874 0.000271 0.000105 0.289533
            0.000000  0.116483  0.000000
 0.000161 0.000119 0.000088 0.224525 0.000152 0.194733 0.000348 0.000138 0.286737
            0.000000  0.121547  0.000000
 0.000194 0.000139 0.000102 0.211707 0.000193 0.196882 0.000414 0.000169 0.282631
            0.000000  0.126612  0.000000
 0.000221 0.000155 0.000111 0.198877 0.000230 0.198198 0.000467 0.000194 0.277395
            0.000000  0.131676  0.000000
 0.000243 0.000166 0.000116 0.186300 0.000264 0.198637 0.000505 0.000214 0.271214
            0.000000  0.136741  0.000000
 0.000258 0.000171 0.000117 0.174174 0.000290 0.198220 0.000528 0.000227 0.264272
            0.000000  0.141805  0.000000
 0.000267 0.000171 0.000115 0.162631 0.000309 0.197025 0.000535 0.000233 0.256749
            0.000000  0.146870  0.000000
 0.000267 0.000166 0.000109 0.151747 0.000319 0.195160 0.000527 0.000233 0.248813
            0.000000  0.151934  0.000000
 0.000260 0.000157 0.000101 0.141552 0.000319 0.192746 0.000504 0.000225 0.240619
            0.000000  0.156999  0.000000
 0.000246 0.000143 0.000091 0.132041 0.000308 0.189906 0.000467 0.000211 0.232306
            0.000000  0.162063  0.000000
 0.000225 0.000126 0.000079 0.123190 0.000287 0.186755 0.000419 0.000190 0.223994
            0.000000  0.167128  0.000000
 0.000197 0.000107 0.000066 0.114961 0.000257 0.183394 0.000361 0.000165 0.215785
            0.000000  0.172192  0.000000
 0.000164 0.000086 0.000052 0.107313 0.000218 0.179905 0.000295 0.000135 0.207762
            0.000000  0.177257  0.000000
 0.000127 0.000064 0.000038 0.100202 0.000171 0.176359 0.000224 0.000103 0.199991
            0.000000  0.182321  0.000000
 0.000086 0.000042 0.000025 0.093587 0.000117 0.172808 0.000149 0.000069 0.192521
            0.000000  0.187386  0.000000
 0.000043 0.000020 0.000012 0.087429 0.000060 0.169292 0.000074 0.000034 0.185384
            0.000000  0.192450  0.000000
 0.000000 0.000000 0.000000 0.081698 0.000000 0.165838 0.000000 0.000000 0.178600
            0.000000  0.197515  0.000000
 0.000042 0.000018 0.000011 0.076363 0.000060 0.162465 0.000070 0.000032 0.172176
            0.000000  0.202579  0.000000
 0.000083 0.000034 0.000022 0.071401 0.000118 0.159181 0.000134 0.000061 0.166109
            0.000000  0.207644  0.000000
 0.000120 0.000047 0.000032 0.066794 0.000173 0.155989 0.000191 0.000086 0.160389
            0.000000  0.212708  0.000000
 0.000152 0.000057 0.000041 0.062524 0.000222 0.152888 0.000239 0.000106 0.154997
            0.000000  0.217772  0.000000
 0.000180 0.000063 0.000049 0.058578 0.000264 0.149872 0.000277 0.000122 0.149912
            0.000000  0.222837  0.000000
 0.000202 0.000067 0.000057 0.054943 0.000298 0.146934 0.000305 0.000132 0.145109
            0.000000  0.227901  0.000000
 0.000218 0.000068 0.000064 0.051608 0.000322 0.144067 0.000322 0.000137 0.140560
            0.000000  0.232966  0.000000
 0.000228 0.000067 0.000069 0.048562 0.000336 0.141262 0.000328 0.000138 0.136237
            0.000000  0.238030  0.000000
 0.000230 0.000063 0.000073 0.045789 0.000340 0.138511 0.000325 0.000134 0.132114
            0.000000  0.243095  0.000000
 0.000227 0.000058 0.000075 0.043277 0.000335 0.135809 0.000312 0.000126 0.128165
            0.000000  0.248159  0.000000
 0.000218 0.000051 0.000076 0.041009 0.000319 0.133150 0.000292 0.000114 0.124364
            0.000000  0.253224  0.000000
 0.000202 0.000043 0.000074 0.038970 0.000295 0.130529 0.000264 0.000101 0.120692
            0.000000  0.258288  0.000000
 0.000182 0.000035 0.000070 0.037141 0.000264 0.127944 0.000231 0.000086 0.117128
            0.000000  0.263353  0.000000
 0.000158 0.000027 0.000063 0.035504 0.000226 0.125393 0.000195 0.000070 0.113657
            0.000000  0.268417  0.000000
 0.000129 0.000020 0.000054 0.034044 0.000183 0.122874 0.000155 0.000054 0.110266
            0.000000  0.273482  0.000000
 0.000099 0.000013 0.000043 0.032743 0.000138 0.120389 0.000115 0.000039 0.106945
            0.000000  0.278546  0.000000
 0.000066 0.000008 0.000030 0.031586 0.000091 0.117938 0.000075 0.000024 0.103688
            0.000000  0.283611  0.000000
 0.000033 0.000003 0.000015 0.030560 0.000045 0.115523 0.000036 0.000011 0.100490
            0.000000  0.288675  0.000000
 0.000000 0.000000 0.000000 0.029653 0.000001 0.113147 0.000000 0.000000 0.097349
            0.000000  0.293740  0.000000
 0.000032 0.000003 0.000015 0.028852 0.000040 0.110813 0.000033 0.000010 0.094265
            0.000000  0.298804  0.000000
 0.000061 0.000005 0.000030 0.028151 0.000076 0.108523 0.000062 0.000018 0.091240
            0.000000  0.303869  0.000000
 0.000087 0.000007 0.000044 0.027540 0.000106 0.106281 0.000086 0.000024 0.088276
            0.000000  0.308933  0.000000
 0.000110 0.000010 0.000057 0.027012 0.000130 0.104091 0.000106 0.000030 0.085377
            0.000000  0.313998  0.000000
 0.000128 0.000013 0.000067 0.026563 0.000147 0.101954 0.000121 0.000034 0.082546
            0.000000  0.319062  0.000000
 0.000142 0.000017 0.000075 0.026188 0.000157 0.099875 0.000132 0.000038 0.079786
            0.000000  0.324126  0.000000
 0.000151 0.000021 0.000080 0.025881 0.000160 0.097855 0.000138 0.000042 0.077102
            0.000000  0.329191  0.000000
 0.000156 0.000025 0.000083 0.025639 0.000157 0.095895 0.000141 0.000044 0.074494
            0.000000  0.334255  0.000000
 0.000155 0.000028 0.000082 0.025459 0.000148 0.093998 0.000140 0.000046 0.071966
            0.000000  0.339320  0.000000
 0.000150 0.000031 0.000079 0.025336 0.000135 0.092163 0.000136 0.000048 0.069518
            0.000000  0.344384  0.000000
 0.000141 0.000032 0.000074 0.025267 0.000119 0.090390 0.000129 0.000048 0.067150
            0.000000  0.349449  0.000000
 0.000129 0.000033 0.000066 0.025248 0.000100 0.088678 0.000120 0.000047 0.064861
            0.000000  0.354513  0.000000
 0.000114 0.000032 0.000057 0.025276 0.000081 0.087025 0.000108 0.000045 0.062648
            0.000000  0.359578  0.000000
 0.000097 0.000029 0.000048 0.025347 0.000061 0.085430 0.000094 0.000041 0.060510
            0.000000  0.364642  0.000000
 0.000078 0.000026 0.000037 0.025457 0.000043 0.083889 0.000078 0.000035 0.058442
            0.000000  0.369707  0.000000
 0.000058 0.000021 0.000027 0.025601 0.000028 0.082400 0.000061 0.000028 0.056440
            0.000000  0.374771  0.000000
 0.000038 0.000015 0.000017 0.025777 0.000015 0.080959 0.000042 0.000020 0.054501
            0.000000  0.379836  0.000000
 0.000019 0.000008 0.000008 0.025980 0.000006 0.079562 0.000021 0.000010 0.052620
            0.000000  0.384900  0.000000
 0.000000 0.000000 0.000000 0.026206 0.000000 0.078207 0.000000 0.000000 0.050792
            0.000000  0.389965  0.000000
 0.000017 0.000008 0.000007 0.026451 0.000003 0.076891 0.000022 0.000011 0.049013
            0.000000  0.395029  0.000000
 0.000033 0.000017 0.000015 0.026712 0.000005 0.075610 0.000044 0.000023 0.047278
            0.000000  0.400094  0.000000
 0.000046 0.000025 0.000022 0.026984 0.000010 0.074362 0.000066 0.000034 0.045585
            0.000000  0.405158  0.000000
 0.000058 0.000033 0.000031 0.027265 0.000017 0.073146 0.000087 0.000045 0.043929
            0.000000  0.410223  0.000000
 0.000067 0.000040 0.000040 0.027551 0.000027 0.071959 0.000106 0.000055 0.042309
            0.000000  0.415287  0.000000
 0.000074 0.000046 0.000050 0.027839 0.000037 0.070801 0.000123 0.000064 0.040722
            0.000000  0.420352  0.000000
 0.000079 0.000051 0.000061 0.028127 0.000048 0.069672 0.000137 0.000072 0.039165
            0.000000  0.425416  0.000000
 0.000082 0.000054 0.000071 0.028412 0.000058 0.068573 0.000147 0.000078 0.037639
            0.000000  0.430480  0.000000
 0.000083 0.000056 0.000081 0.028693 0.000067 0.067503 0.000153 0.000081 0.036143
            0.000000  0.435545  0.000000
 0.000082 0.000057 0.000088 0.028968 0.000073 0.066464 0.000155 0.000083 0.034676
            0.000000  0.440609  0.000000
 0.000079 0.000055 0.000093 0.029236 0.000077 0.065457 0.000152 0.000082 0.033238
            0.000000  0.445674  0.000000
 0.000074 0.000052 0.000095 0.029496 0.000077 0.064484 0.000144 0.000079 0.031829
            0.000000  0.450738  0.000000
 0.000068 0.000048 0.000094 0.029749 0.000075 0.063546 0.000133 0.000073 0.030450
            0.000000  0.455803  0.000000
 0.000059 0.000042 0.000088 0.029993 0.000069 0.062646 0.000117 0.000065 0.029100
            0.000000  0.460867  0.000000
 0.000050 0.000035 0.000078 0.030230 0.000060 0.061785 0.000098 0.000055 0.027781
            0.000000  0.465932  0.000000
 0.000039 0.000027 0.000064 0.030459 0.000048 0.060963 0.000076 0.000044 0.026491
            0.000000  0.470996  0.000000
 0.000026 0.000018 0.000046 0.030682 0.000033 0.060183 0.000051 0.000030 0.025231
            0.000000  0.476061  0.000000
 0.000014 0.000009 0.000025 0.030898 0.000017 0.059445 0.000026 0.000016 0.024000
            0.000000  0.481125  0.000000
 0.000000 0.000000 0.000000 0.031109 0.000000 0.058750 0.000000 0.000000 0.022797
            0.000000  0.486190  0.000000
 0.000013 0.000009 0.000027 0.031315 0.000018 0.058097 0.000025 0.000016 0.021622
            0.000000  0.491254  0.000000
 0.000027 0.000018 0.000055 0.031516 0.000035 0.057486 0.000049 0.000032 0.020474
            0.000000  0.496319  0.000000
 0.000039 0.000026 0.000084 0.031714 0.000052 0.056917 0.000071 0.000048 0.019352
            0.000000  0.501383  0.000000
 0.000051 0.000034 0.000112 0.031907 0.000067 0.056390 0.000090 0.000064 0.018254
            0.000000  0.506448  0.000000
 0.000061 0.000040 0.000139 0.032095 0.000079 0.055902 0.000106 0.000078 0.017181
            0.000000  0.511512  0.000000
 0.000070 0.000045 0.000163 0.032278 0.000090 0.055454 0.000118 0.000090 0.016132
            0.000000  0.516577  0.000000
 0.000076 0.000049 0.000183 0.032456 0.000097 0.055042 0.000126 0.000101 0.015106
            0.000000  0.521641  0.000000
 0.000080 0.000051 0.000198 0.032627 0.000101 0.054668 0.000129 0.000109 0.014106
            0.000000  0.526706  0.000000
 0.000082 0.000052 0.000209 0.032789 0.000102 0.054328 0.000129 0.000115 0.013134
            0.000000  0.531770  0.000000
 0.000082 0.000052 0.000213 0.032942 0.000100 0.054021 0.000125 0.000118 0.012192
            0.000000  0.536834  0.000000
 0.000079 0.000050 0.000211 0.033084 0.000095 0.053747 0.000117 0.000118 0.011285
            0.000000  0.541899  0.000000
 0.000074 0.000046 0.000202 0.033213 0.000087 0.053505 0.000107 0.000114 0.010423
            0.000000  0.546963  0.000000
 0.000067 0.000042 0.000188 0.033328 0.000077 0.053292 0.000094 0.000107 0.009614
            0.000000  0.552028  0.000000
 0.000058 0.000036 0.000167 0.033427 0.000066 0.053110 0.000079 0.000097 0.008873
            0.000000  0.557092  0.000000
 0.000047 0.000030 0.000141 0.033509 0.000053 0.052957 0.000063 0.000083 0.008217
            0.000000  0.562157  0.000000
 0.000036 0.000022 0.000110 0.033573 0.000040 0.052833 0.000047 0.000066 0.007668
            0.000000  0.567221  0.000000
 0.000024 0.000015 0.000075 0.033619 0.000026 0.052738 0.000030 0.000046 0.007250
            0.000000  0.572286  0.000000
 0.000012 0.000007 0.000038 0.033645 0.000013 0.052672 0.000015 0.000024 0.006986
            0.000000  0.577350  0.000000
 0.000000 0.000000 0.000000 0.033651 0.000000 0.052635 0.000000 0.000000 0.006893
