 &plot nbnd=   9, nks=   248 /
            0.333333  0.577350  0.000000
 0.000000 0.014074 0.000000 0.000000 0.000000 0.014755 0.000000 0.000000 0.000000
            0.330808  0.572976  0.000000
 0.000000 0.013999 0.001381 0.000000 0.000000 0.014755 0.000048 0.000000 0.000160
            0.328283  0.568603  0.000000
 0.000000 0.013800 0.002611 0.000000 0.000000 0.014754 0.000097 0.000000 0.000298
            0.325758  0.564229  0.000000
 0.000000 0.013530 0.003621 0.000000 0.000000 0.014753 0.000148 0.000000 0.000414
            0.323232  0.559855  0.000000
 0.000000 0.013236 0.004414 0.000000 0.000000 0.014751 0.000200 0.000000 0.000507
            0.320707  0.555481  0.000000
 0.000000 0.012946 0.005022 0.000000 0.000000 0.014749 0.000251 0.000000 0.000578
            0.318182  0.551107  0.000000
 0.000000 0.012671 0.005484 0.000000 0.000000 0.014747 0.000302 0.000000 0.000627
            0.315657  0.546733  0.000000
 0.000000 0.012413 0.005838 0.000000 0.000000 0.014744 0.000352 0.000000 0.000656
            0.313131  0.542359  0.000000
 0.000000 0.012170 0.006109 0.000000 0.000000 0.014741 0.000400 0.000000 0.000665
            0.310606  0.537985  0.000000
 0.000000 0.011940 0.006320 0.000000 0.000000 0.014738 0.000448 0.000000 0.000654
            0.308081  0.533612  0.000000
 0.000000 0.011721 0.006484 0.000000 0.000000 0.014734 0.000493 0.000000 0.000624
            0.305556  0.529238  0.000000
 0.000000 0.011511 0.006614 0.000000 0.000000 0.014731 0.000537 0.000000 0.000576
            0.303030  0.524864  0.000000
 0.000000 0.011306 0.006718 0.000000 0.000000 0.014727 0.000578 0.000000 0.000511
            0.300505  0.520490  0.000000
 0.000000 0.011107 0.006802 0.000000 0.000000 0.014723 0.000618 0.000000 0.000429
            0.297980  0.516116  0.000000
 0.000000 0.010912 0.006871 0.000000 0.000000 0.014719 0.000655 0.000000 0.000332
            0.295455  0.511742  0.000000
 0.000000 0.010721 0.006929 0.000000 0.000000 0.014715 0.000691 0.000000 0.000219
            0.292929  0.507368  0.000000
 0.000000 0.010533 0.006978 0.000000 0.000000 0.014711 0.000724 0.000000 0.000092
            0.290404  0.502995  0.000000
 0.000000 0.010348 0.007021 0.000000 0.000000 0.014706 0.000755 0.000000 0.000048
            0.287879  0.498621  0.000000
 0.000000 0.010165 0.007059 0.000000 0.000000 0.014700 0.000784 0.000000 0.000202
            0.285354  0.494247  0.000000
 0.000000 0.009984 0.007093 0.000000 0.000000 0.014694 0.000810 0.000000 0.000369
            0.282828  0.489873  0.000000
 0.000000 0.009806 0.007124 0.000000 0.000000 0.014687 0.000835 0.000000 0.000547
            0.280303  0.485499  0.000000
 0.000000 0.009630 0.007153 0.000000 0.000000 0.014678 0.000858 0.000000 0.000738
            0.277778  0.481125  0.000000
 0.000000 0.009457 0.007181 0.000000 0.000000 0.014668 0.000880 0.000000 0.000939
            0.275253  0.476751  0.000000
 0.000000 0.009286 0.007207 0.000000 0.000000 0.014656 0.000899 0.000000 0.001151
            0.272727  0.472377  0.000000
 0.000000 0.009118 0.007233 0.000000 0.000000 0.014642 0.000917 0.000000 0.001374
            0.270202  0.468004  0.000000
 0.000000 0.008952 0.007258 0.000000 0.000000 0.014626 0.000934 0.000000 0.001606
            0.267677  0.463630  0.000000
 0.000000 0.008788 0.007283 0.000000 0.000000 0.014607 0.000950 0.000000 0.001847
            0.265152  0.459256  0.000000
 0.000000 0.008627 0.007308 0.000000 0.000000 0.014585 0.000964 0.000000 0.002097
            0.262626  0.454882  0.000000
 0.000000 0.008469 0.007333 0.000000 0.000000 0.014560 0.000978 0.000000 0.002355
            0.260101  0.450508  0.000000
 0.000000 0.008314 0.007359 0.000000 0.000000 0.014532 0.000991 0.000000 0.002620
            0.257576  0.446134  0.000000
 0.000000 0.008161 0.007385 0.000000 0.000000 0.014500 0.001003 0.000000 0.002893
            0.255051  0.441760  0.000000
 0.000000 0.008010 0.007411 0.000000 0.000000 0.014464 0.001015 0.000000 0.003173
            0.252525  0.437387  0.000000
 0.000000 0.007862 0.007439 0.000000 0.000000 0.014425 0.001027 0.000000 0.003459
            0.250000  0.433013  0.000000
 0.000000 0.007717 0.007467 0.000000 0.000000 0.014380 0.001038 0.000000 0.003751
            0.247475  0.428639  0.000000
 0.000000 0.007574 0.007496 0.000000 0.000000 0.014331 0.001049 0.000000 0.004048
            0.244949  0.424265  0.000000
 0.000000 0.007433 0.007527 0.000000 0.000000 0.014277 0.001061 0.000000 0.004349
            0.242424  0.419891  0.000000
 0.000000 0.007295 0.007558 0.000000 0.000000 0.014217 0.001071 0.000000 0.004655
            0.239899  0.415517  0.000000
 0.000000 0.007158 0.007591 0.000000 0.000000 0.014152 0.001082 0.000000 0.004965
            0.237374  0.411143  0.000000
 0.000000 0.007023 0.007625 0.000000 0.000000 0.014081 0.001093 0.000000 0.005278
            0.234848  0.406770  0.000000
 0.000000 0.006890 0.007659 0.000000 0.000000 0.014004 0.001103 0.000000 0.005595
            0.232323  0.402396  0.000000
 0.000000 0.006759 0.007695 0.000000 0.000000 0.013920 0.001113 0.000000 0.005914
            0.229798  0.398022  0.000000
 0.000000 0.006629 0.007732 0.000000 0.000000 0.013828 0.001122 0.000000 0.006235
            0.227273  0.393648  0.000000
 0.000000 0.006500 0.007769 0.000000 0.000000 0.013730 0.001131 0.000000 0.006558
            0.224747  0.389274  0.000000
 0.000000 0.006373 0.007806 0.000000 0.000000 0.013623 0.001139 0.000000 0.006883
            0.222222  0.384900  0.000000
 0.000000 0.006246 0.007844 0.000000 0.000000 0.013509 0.001147 0.000000 0.007210
            0.219697  0.380526  0.000000
 0.000000 0.006120 0.007882 0.000000 0.000000 0.013386 0.001153 0.000000 0.007537
            0.217172  0.376152  0.000000
 0.000000 0.005996 0.007919 0.000000 0.000000 0.013254 0.001159 0.000000 0.007866
            0.214646  0.371779  0.000000
 0.000000 0.005872 0.007955 0.000000 0.000000 0.013113 0.001164 0.000000 0.008195
            0.212121  0.367405  0.000000
 0.000000 0.005748 0.007989 0.000000 0.000000 0.012963 0.001168 0.000000 0.008525
            0.209596  0.363031  0.000000
 0.000000 0.005626 0.008023 0.000000 0.000000 0.012803 0.001171 0.000000 0.008854
            0.207071  0.358657  0.000000
 0.000000 0.005504 0.008054 0.000000 0.000000 0.012633 0.001174 0.000000 0.009184
            0.204545  0.354283  0.000000
 0.000000 0.005382 0.008082 0.000000 0.000000 0.012454 0.001176 0.000000 0.009513
            0.202020  0.349909  0.000000
 0.000000 0.005262 0.008108 0.000000 0.000000 0.012264 0.001178 0.000000 0.009842
            0.199495  0.345535  0.000000
 0.000000 0.005142 0.008130 0.000000 0.000000 0.012064 0.001181 0.000000 0.010170
            0.196970  0.341162  0.000000
 0.000000 0.005022 0.008148 0.000000 0.000000 0.011853 0.001183 0.000000 0.010498
            0.194444  0.336788  0.000000
 0.000000 0.004904 0.008163 0.000000 0.000000 0.011633 0.001187 0.000000 0.010824
            0.191919  0.332414  0.000000
 0.000000 0.004786 0.008174 0.000000 0.000000 0.011403 0.001192 0.000000 0.011149
            0.189394  0.328040  0.000000
 0.000000 0.004670 0.008180 0.000000 0.000000 0.011164 0.001199 0.000000 0.011472
            0.186869  0.323666  0.000000
 0.000000 0.004554 0.008182 0.000000 0.000000 0.010915 0.001208 0.000000 0.011794
            0.184343  0.319292  0.000000
 0.000000 0.004439 0.008180 0.000000 0.000000 0.010658 0.001220 0.000000 0.012113
            0.181818  0.314918  0.000000
 0.000000 0.004325 0.008174 0.000000 0.000000 0.010392 0.001236 0.000000 0.012431
            0.179293  0.310544  0.000000
 0.000000 0.004213 0.008163 0.000000 0.000000 0.010119 0.001257 0.000000 0.012746
            0.176768  0.306171  0.000000
 0.000000 0.004101 0.008149 0.000000 0.000000 0.009838 0.001282 0.000000 0.013058
            0.174242  0.301797  0.000000
 0.000000 0.003991 0.008131 0.000000 0.000000 0.009552 0.001313 0.000000 0.013369
            0.171717  0.297423  0.000000
 0.000000 0.003882 0.008110 0.000000 0.000000 0.009260 0.001351 0.000000 0.013676
            0.169192  0.293049  0.000000
 0.000000 0.003773 0.008087 0.000000 0.000000 0.008964 0.001395 0.000000 0.013981
            0.166667  0.288675  0.000000
 0.000000 0.003666 0.008061 0.000000 0.000000 0.008663 0.001448 0.000000 0.014284
            0.164141  0.284301  0.000000
 0.000000 0.003560 0.008035 0.000000 0.000000 0.008360 0.001508 0.000000 0.014584
            0.161616  0.279927  0.000000
 0.000000 0.003455 0.008007 0.000000 0.000000 0.008055 0.001578 0.000000 0.014881
            0.159091  0.275554  0.000000
 0.000000 0.003351 0.007980 0.000000 0.000000 0.007749 0.001658 0.000000 0.015176
            0.156566  0.271180  0.000000
 0.000000 0.003247 0.007953 0.000000 0.000000 0.007443 0.001748 0.000000 0.015469
            0.154040  0.266806  0.000000
 0.000000 0.003144 0.007928 0.000000 0.000000 0.007137 0.001849 0.000000 0.015760
            0.151515  0.262432  0.000000
 0.000000 0.003042 0.007905 0.000000 0.000000 0.006833 0.001961 0.000000 0.016049
            0.148990  0.258058  0.000000
 0.000000 0.002940 0.007884 0.000000 0.000000 0.006532 0.002086 0.000000 0.016336
            0.146465  0.253684  0.000000
 0.000000 0.002838 0.007867 0.000000 0.000000 0.006233 0.002222 0.000000 0.016622
            0.143939  0.249310  0.000000
 0.000000 0.002737 0.007853 0.000000 0.000000 0.005938 0.002372 0.000000 0.016906
            0.141414  0.244936  0.000000
 0.000000 0.002636 0.007843 0.000000 0.000000 0.005648 0.002535 0.000000 0.017190
            0.138889  0.240563  0.000000
 0.000000 0.002535 0.007836 0.000000 0.000000 0.005363 0.002712 0.000000 0.017472
            0.136364  0.236189  0.000000
 0.000000 0.002434 0.007834 0.000000 0.000000 0.005083 0.002902 0.000000 0.017754
            0.133838  0.231815  0.000000
 0.000000 0.002332 0.007836 0.000000 0.000000 0.004809 0.003107 0.000000 0.018036
            0.131313  0.227441  0.000000
 0.000000 0.002231 0.007842 0.000000 0.000000 0.004542 0.003326 0.000000 0.018317
            0.128788  0.223067  0.000000
 0.000000 0.002129 0.007852 0.000000 0.000000 0.004281 0.003559 0.000000 0.018598
            0.126263  0.218693  0.000000
 0.000000 0.002027 0.007864 0.000000 0.000000 0.004027 0.003808 0.000000 0.018879
            0.123737  0.214319  0.000000
 0.000000 0.001924 0.007879 0.000000 0.000000 0.003781 0.004071 0.000000 0.019160
            0.121212  0.209946  0.000000
 0.000000 0.001821 0.007895 0.000000 0.000000 0.003541 0.004350 0.000000 0.019441
            0.118687  0.205572  0.000000
 0.000000 0.001718 0.007912 0.000000 0.000000 0.003310 0.004644 0.000000 0.019721
            0.116162  0.201198  0.000000
 0.000000 0.001614 0.007928 0.000000 0.000000 0.003085 0.004953 0.000000 0.020001
            0.113636  0.196824  0.000000
 0.000000 0.001509 0.007944 0.000000 0.000000 0.002869 0.005277 0.000000 0.020281
            0.111111  0.192450  0.000000
 0.000000 0.001405 0.007957 0.000000 0.000000 0.002660 0.005617 0.000000 0.020560
            0.108586  0.188076  0.000000
 0.000000 0.001300 0.007966 0.000000 0.000000 0.002459 0.005972 0.000000 0.020839
            0.106061  0.183702  0.000000
 0.000000 0.001195 0.007971 0.000000 0.000000 0.002266 0.006344 0.000000 0.021116
            0.103535  0.179328  0.000000
 0.000000 0.001089 0.007970 0.000000 0.000000 0.002081 0.006731 0.000000 0.021391
            0.101010  0.174955  0.000000
 0.000000 0.000984 0.007962 0.000000 0.000000 0.001903 0.007134 0.000000 0.021665
            0.098485  0.170581  0.000000
 0.000000 0.000879 0.007948 0.000000 0.000000 0.001734 0.007554 0.000000 0.021937
            0.095960  0.166207  0.000000
 0.000000 0.000774 0.007925 0.000000 0.000000 0.001572 0.007991 0.000000 0.022205
            0.093434  0.161833  0.000000
 0.000000 0.000670 0.007893 0.000000 0.000000 0.001419 0.008444 0.000000 0.022471
            0.090909  0.157459  0.000000
 0.000000 0.000566 0.007852 0.000000 0.000000 0.001273 0.008915 0.000000 0.022733
            0.088384  0.153085  0.000000
 0.000000 0.000463 0.007803 0.000000 0.000000 0.001136 0.009404 0.000000 0.022991
            0.085859  0.148711  0.000000
 0.000000 0.000361 0.007745 0.000000 0.000000 0.001007 0.009912 0.000000 0.023244
            0.083333  0.144338  0.000000
 0.000000 0.000260 0.007679 0.000000 0.000000 0.000886 0.010439 0.000000 0.023492
            0.080808  0.139964  0.000000
 0.000000 0.000161 0.007606 0.000000 0.000000 0.000773 0.010986 0.000000 0.023735
            0.078283  0.135590  0.000000
 0.000000 0.000063 0.007528 0.000000 0.000000 0.000669 0.011554 0.000000 0.023972
            0.075758  0.131216  0.000000
 0.000000 0.000034 0.007446 0.000000 0.000000 0.000573 0.012145 0.000000 0.024202
            0.073232  0.126842  0.000000
 0.000000 0.000128 0.007362 0.000000 0.000000 0.000485 0.012760 0.000000 0.024426
            0.070707  0.122468  0.000000
 0.000000 0.000220 0.007279 0.000000 0.000000 0.000405 0.013400 0.000000 0.024642
            0.068182  0.118094  0.000000
 0.000000 0.000310 0.007200 0.000000 0.000000 0.000333 0.014068 0.000000 0.024851
            0.065657  0.113721  0.000000
 0.000000 0.000396 0.007128 0.000000 0.000000 0.000268 0.014767 0.000000 0.025052
            0.063131  0.109347  0.000000
 0.000000 0.000480 0.007067 0.000000 0.000000 0.000211 0.015498 0.000000 0.025245
            0.060606  0.104973  0.000000
 0.000000 0.000560 0.007020 0.000000 0.000000 0.000161 0.016266 0.000000 0.025429
            0.058081  0.100599  0.000000
 0.000000 0.000635 0.006994 0.000000 0.000000 0.000118 0.017075 0.000000 0.025604
            0.055556  0.096225  0.000000
 0.000000 0.000706 0.006991 0.000000 0.000000 0.000081 0.017929 0.000000 0.025771
            0.053030  0.091851  0.000000
 0.000000 0.000772 0.007017 0.000000 0.000000 0.000051 0.018834 0.000000 0.025928
            0.050505  0.087477  0.000000
 0.000000 0.000832 0.007078 0.000000 0.000000 0.000026 0.019797 0.000000 0.026076
            0.047980  0.083103  0.000000
 0.000000 0.000884 0.007179 0.000000 0.000000 0.000006 0.020826 0.000000 0.026213
            0.045455  0.078730  0.000000
 0.000000 0.000930 0.007327 0.000000 0.000000 0.000011 0.021930 0.000000 0.026340
            0.042929  0.074356  0.000000
 0.000000 0.000966 0.007527 0.000000 0.000000 0.000022 0.023121 0.000000 0.026456
            0.040404  0.069982  0.000000
 0.000000 0.000993 0.007787 0.000000 0.000000 0.000030 0.024412 0.000000 0.026560
            0.037879  0.065608  0.000000
 0.000000 0.001009 0.008114 0.000000 0.000000 0.000035 0.025821 0.000000 0.026652
            0.035354  0.061234  0.000000
 0.000000 0.001013 0.008517 0.000000 0.000000 0.000037 0.027367 0.000000 0.026731
            0.032828  0.056860  0.000000
 0.000000 0.001003 0.009006 0.000000 0.000000 0.000037 0.029074 0.000000 0.026796
            0.030303  0.052486  0.000000
 0.000000 0.000980 0.009591 0.000000 0.000000 0.000036 0.030976 0.000000 0.026846
            0.027778  0.048113  0.000000
 0.000000 0.000941 0.010287 0.000000 0.000000 0.000034 0.033108 0.000000 0.026878
            0.025253  0.043739  0.000000
 0.000000 0.000886 0.011112 0.000000 0.000000 0.000030 0.035523 0.000000 0.026891
            0.022727  0.039365  0.000000
 0.000000 0.000815 0.012086 0.000000 0.000000 0.000026 0.038282 0.000000 0.026883
            0.020202  0.034991  0.000000
 0.000000 0.000728 0.013240 0.000000 0.000000 0.000022 0.041472 0.000000 0.026850
            0.017677  0.030617  0.000000
 0.000000 0.000628 0.014612 0.000000 0.000000 0.000018 0.045205 0.000000 0.026788
            0.015152  0.026243  0.000000
 0.000000 0.000517 0.016259 0.000000 0.000000 0.000013 0.049640 0.000000 0.026691
            0.012626  0.021869  0.000000
 0.000000 0.000399 0.018259 0.000000 0.000000 0.000010 0.054999 0.000000 0.026551
            0.010101  0.017495  0.000000
 0.000000 0.000282 0.020733 0.000000 0.000000 0.000006 0.061611 0.000000 0.026357
            0.007576  0.013122  0.000000
 0.000000 0.000173 0.023868 0.000000 0.000000 0.000004 0.069981 0.000000 0.026091
            0.005051  0.008748  0.000000
 0.000000 0.000083 0.027972 0.000000 0.000000 0.000002 0.080925 0.000000 0.025725
            0.002525  0.004374  0.000000
 0.000000 0.000022 0.033587 0.000000 0.000000 0.000000 0.095855 0.000000 0.025214
            0.000253  0.000437  0.000000
 0.000000 0.000000 0.040785 0.000000 0.000000 0.000000 0.114865 0.000000 0.024560
            0.000000  0.000506  0.000000
 0.000000 0.000000 0.040782 0.000000 0.000000 0.000000 0.114858 0.000000 0.024561
            0.000000  0.005064  0.000000
 0.000000 0.000000 0.033569 0.000000 0.000000 0.000000 0.095807 0.000000 0.025216
            0.000000  0.010129  0.000000
 0.000000 0.000000 0.027946 0.000000 0.000000 0.000000 0.080855 0.000000 0.025728
            0.000000  0.015193  0.000000
 0.000000 0.000000 0.023841 0.000000 0.000000 0.000000 0.069902 0.000000 0.026093
            0.000000  0.020258  0.000000
 0.000000 0.000000 0.020706 0.000000 0.000000 0.000000 0.061529 0.000000 0.026359
            0.000000  0.025322  0.000000
 0.000000 0.000000 0.018234 0.000000 0.000000 0.000000 0.054917 0.000000 0.026552
            0.000000  0.030387  0.000000
 0.000000 0.000000 0.016238 0.000000 0.000000 0.000000 0.049559 0.000000 0.026691
            0.000000  0.035451  0.000000
 0.000000 0.000000 0.014597 0.000000 0.000000 0.000000 0.045127 0.000000 0.026787
            0.000000  0.040516  0.000000
 0.000000 0.000000 0.013232 0.000000 0.000000 0.000000 0.041396 0.000000 0.026848
            0.000000  0.045580  0.000000
 0.000000 0.000000 0.012086 0.000000 0.000000 0.000000 0.038209 0.000000 0.026880
            0.000000  0.050645  0.000000
 0.000000 0.000000 0.011119 0.000000 0.000000 0.000000 0.035452 0.000000 0.026887
            0.000000  0.055709  0.000000
 0.000000 0.000000 0.010302 0.000000 0.000000 0.000000 0.033040 0.000000 0.026872
            0.000000  0.060774  0.000000
 0.000000 0.000000 0.009612 0.000000 0.000000 0.000000 0.030910 0.000000 0.026839
            0.000000  0.065838  0.000000
 0.000000 0.000000 0.009031 0.000000 0.000000 0.000000 0.029012 0.000000 0.026788
            0.000000  0.070903  0.000000
 0.000000 0.000000 0.008545 0.000000 0.000000 0.000000 0.027306 0.000000 0.026722
            0.000000  0.075967  0.000000
 0.000000 0.000000 0.008142 0.000000 0.000000 0.000000 0.025763 0.000000 0.026642
            0.000000  0.081032  0.000000
 0.000000 0.000000 0.007812 0.000000 0.000000 0.000000 0.024357 0.000000 0.026549
            0.000000  0.086096  0.000000
 0.000000 0.000000 0.007547 0.000000 0.000000 0.000000 0.023068 0.000000 0.026443
            0.000000  0.091161  0.000000
 0.000000 0.000000 0.007339 0.000000 0.000000 0.000000 0.021879 0.000000 0.026326
            0.000000  0.096225  0.000000
 0.000000 0.000000 0.007181 0.000000 0.000000 0.000000 0.020777 0.000000 0.026197
            0.000000  0.101290  0.000000
 0.000000 0.000000 0.007067 0.000000 0.000000 0.000000 0.019750 0.000000 0.026058
            0.000000  0.106354  0.000000
 0.000000 0.000000 0.006992 0.000000 0.000000 0.000000 0.018789 0.000000 0.025909
            0.000000  0.111418  0.000000
 0.000000 0.000000 0.006949 0.000000 0.000000 0.000000 0.017884 0.000000 0.025750
            0.000000  0.116483  0.000000
 0.000000 0.000000 0.006934 0.000000 0.000000 0.000000 0.017031 0.000000 0.025582
            0.000000  0.121547  0.000000
 0.000000 0.000000 0.006942 0.000000 0.000000 0.000000 0.016221 0.000000 0.025404
            0.000000  0.126612  0.000000
 0.000000 0.000000 0.006968 0.000000 0.000000 0.000000 0.015452 0.000000 0.025218
            0.000000  0.131676  0.000000
 0.000000 0.000000 0.007009 0.000000 0.000000 0.000000 0.014718 0.000000 0.025023
            0.000000  0.136741  0.000000
 0.000000 0.000000 0.007060 0.000000 0.000000 0.000000 0.014015 0.000000 0.024819
            0.000000  0.141805  0.000000
 0.000000 0.000000 0.007118 0.000000 0.000000 0.000000 0.013341 0.000000 0.024608
            0.000000  0.146870  0.000000
 0.000000 0.000000 0.007180 0.000000 0.000000 0.000000 0.012694 0.000000 0.024390
            0.000000  0.151934  0.000000
 0.000000 0.000000 0.007243 0.000000 0.000000 0.000000 0.012070 0.000000 0.024164
            0.000000  0.156999  0.000000
 0.000000 0.000000 0.007304 0.000000 0.000000 0.000000 0.011468 0.000000 0.023932
            0.000000  0.162063  0.000000
 0.000000 0.000000 0.007361 0.000000 0.000000 0.000000 0.010887 0.000000 0.023694
            0.000000  0.167128  0.000000
 0.000000 0.000000 0.007414 0.000000 0.000000 0.000000 0.010324 0.000000 0.023451
            0.000000  0.172192  0.000000
 0.000000 0.000000 0.007459 0.000000 0.000000 0.000000 0.009780 0.000000 0.023202
            0.000000  0.177257  0.000000
 0.000000 0.000000 0.007497 0.000000 0.000000 0.000000 0.009253 0.000000 0.022949
            0.000000  0.182321  0.000000
 0.000000 0.000000 0.007527 0.000000 0.000000 0.000000 0.008741 0.000000 0.022693
            0.000000  0.187386  0.000000
 0.000000 0.000000 0.007549 0.000000 0.000000 0.000000 0.008246 0.000000 0.022434
            0.000000  0.192450  0.000000
 0.000000 0.000000 0.007562 0.000000 0.000000 0.000000 0.007765 0.000000 0.022172
            0.000000  0.197515  0.000000
 0.000000 0.000000 0.007566 0.000000 0.000000 0.000000 0.007299 0.000000 0.021909
            0.000000  0.202579  0.000000
 0.000000 0.000000 0.007562 0.000000 0.000000 0.000000 0.006847 0.000000 0.021645
            0.000000  0.207644  0.000000
 0.000000 0.000000 0.007551 0.000000 0.000000 0.000000 0.006410 0.000000 0.021381
            0.000000  0.212708  0.000000
 0.000000 0.000000 0.007532 0.000000 0.000000 0.000000 0.005985 0.000000 0.021117
            0.000000  0.217772  0.000000
 0.000000 0.000000 0.007506 0.000000 0.000000 0.000000 0.005575 0.000000 0.020855
            0.000000  0.222837  0.000000
 0.000000 0.000000 0.007474 0.000000 0.000000 0.000000 0.005177 0.000000 0.020594
            0.000000  0.227901  0.000000
 0.000000 0.000000 0.007437 0.000000 0.000000 0.000000 0.004793 0.000000 0.020336
            0.000000  0.232966  0.000000
 0.000000 0.000000 0.007395 0.000000 0.000000 0.000000 0.004421 0.000000 0.020081
            0.000000  0.238030  0.000000
 0.000000 0.000000 0.007349 0.000000 0.000000 0.000000 0.004062 0.000000 0.019829
            0.000000  0.243095  0.000000
 0.000000 0.000000 0.007298 0.000000 0.000000 0.000000 0.003716 0.000000 0.019582
            0.000000  0.248159  0.000000
 0.000000 0.000000 0.007244 0.000000 0.000000 0.000000 0.003383 0.000000 0.019340
            0.000000  0.253224  0.000000
 0.000000 0.000000 0.007188 0.000000 0.000000 0.000000 0.003062 0.000000 0.019103
            0.000000  0.258288  0.000000
 0.000000 0.000000 0.007128 0.000000 0.000000 0.000000 0.002753 0.000000 0.018872
            0.000000  0.263353  0.000000
 0.000000 0.000000 0.007065 0.000000 0.000000 0.000000 0.002457 0.000000 0.018648
            0.000000  0.268417  0.000000
 0.000000 0.000000 0.007000 0.000000 0.000000 0.000000 0.002172 0.000000 0.018430
            0.000000  0.273482  0.000000
 0.000000 0.000000 0.006933 0.000000 0.000000 0.000000 0.001900 0.000000 0.018220
            0.000000  0.278546  0.000000
 0.000000 0.000000 0.006863 0.000000 0.000000 0.000000 0.001641 0.000000 0.018019
            0.000000  0.283611  0.000000
 0.000000 0.000000 0.006790 0.000000 0.000000 0.000000 0.001394 0.000000 0.017826
            0.000000  0.288675  0.000000
 0.000000 0.000000 0.006715 0.000000 0.000000 0.000000 0.001161 0.000000 0.017642
            0.000000  0.293740  0.000000
 0.000000 0.000000 0.006637 0.000000 0.000000 0.000000 0.000945 0.000000 0.017468
            0.000000  0.298804  0.000000
 0.000000 0.000000 0.006557 0.000000 0.000000 0.000000 0.000750 0.000000 0.017305
            0.000000  0.303869  0.000000
 0.000000 0.000000 0.006474 0.000000 0.000000 0.000000 0.000586 0.000000 0.017152
            0.000000  0.308933  0.000000
 0.000000 0.000000 0.006388 0.000000 0.000000 0.000000 0.000473 0.000000 0.017011
            0.000000  0.313998  0.000000
 0.000000 0.000000 0.006300 0.000000 0.000000 0.000000 0.000441 0.000000 0.016881
            0.000000  0.319062  0.000000
 0.000000 0.000000 0.006208 0.000000 0.000000 0.000000 0.000495 0.000000 0.016764
            0.000000  0.324126  0.000000
 0.000000 0.000000 0.006114 0.000000 0.000000 0.000000 0.000607 0.000000 0.016660
            0.000000  0.329191  0.000000
 0.000000 0.000000 0.006018 0.000000 0.000000 0.000000 0.000746 0.000000 0.016569
            0.000000  0.334255  0.000000
 0.000000 0.000000 0.005919 0.000000 0.000000 0.000000 0.000897 0.000000 0.016493
            0.000000  0.339320  0.000000
 0.000000 0.000000 0.005817 0.000000 0.000000 0.000000 0.001052 0.000000 0.016430
            0.000000  0.344384  0.000000
 0.000000 0.000000 0.005713 0.000000 0.000000 0.000000 0.001207 0.000000 0.016382
            0.000000  0.349449  0.000000
 0.000000 0.000000 0.005607 0.000000 0.000000 0.000000 0.001362 0.000000 0.016349
            0.000000  0.354513  0.000000
 0.000000 0.000000 0.005500 0.000000 0.000000 0.000000 0.001515 0.000000 0.016331
            0.000000  0.359578  0.000000
 0.000000 0.000000 0.005391 0.000000 0.000000 0.000000 0.001666 0.000000 0.016329
            0.000000  0.364642  0.000000
 0.000000 0.000000 0.005281 0.000000 0.000000 0.000000 0.001815 0.000000 0.016342
            0.000000  0.369707  0.000000
 0.000000 0.000000 0.005170 0.000000 0.000000 0.000000 0.001962 0.000000 0.016371
            0.000000  0.374771  0.000000
 0.000000 0.000000 0.005058 0.000000 0.000000 0.000000 0.002106 0.000000 0.016414
            0.000000  0.379836  0.000000
 0.000000 0.000000 0.004946 0.000000 0.000000 0.000000 0.002249 0.000000 0.016473
            0.000000  0.384900  0.000000
 0.000000 0.000000 0.004835 0.000000 0.000000 0.000000 0.002389 0.000000 0.016547
            0.000000  0.389965  0.000000
 0.000000 0.000000 0.004724 0.000000 0.000000 0.000000 0.002527 0.000000 0.016636
            0.000000  0.395029  0.000000
 0.000000 0.000000 0.004615 0.000000 0.000000 0.000000 0.002662 0.000000 0.016738
            0.000000  0.400094  0.000000
 0.000000 0.000000 0.004507 0.000000 0.000000 0.000000 0.002795 0.000000 0.016854
            0.000000  0.405158  0.000000
 0.000000 0.000000 0.004402 0.000000 0.000000 0.000000 0.002924 0.000000 0.016983
            0.000000  0.410223  0.000000
 0.000000 0.000000 0.004299 0.000000 0.000000 0.000000 0.003051 0.000000 0.017124
            0.000000  0.415287  0.000000
 0.000000 0.000000 0.004200 0.000000 0.000000 0.000000 0.003174 0.000000 0.017276
            0.000000  0.420352  0.000000
 0.000000 0.000000 0.004104 0.000000 0.000000 0.000000 0.003293 0.000000 0.017439
            0.000000  0.425416  0.000000
 0.000000 0.000000 0.004013 0.000000 0.000000 0.000000 0.003409 0.000000 0.017611
            0.000000  0.430480  0.000000
 0.000000 0.000000 0.003927 0.000000 0.000000 0.000000 0.003520 0.000000 0.017792
            0.000000  0.435545  0.000000
 0.000000 0.000000 0.003847 0.000000 0.000000 0.000000 0.003628 0.000000 0.017980
            0.000000  0.440609  0.000000
 0.000000 0.000000 0.003773 0.000000 0.000000 0.000000 0.003731 0.000000 0.018174
            0.000000  0.445674  0.000000
 0.000000 0.000000 0.003707 0.000000 0.000000 0.000000 0.003830 0.000000 0.018374
            0.000000  0.450738  0.000000
 0.000000 0.000000 0.003647 0.000000 0.000000 0.000000 0.003925 0.000000 0.018578
            0.000000  0.455803  0.000000
 0.000000 0.000000 0.003596 0.000000 0.000000 0.000000 0.004016 0.000000 0.018785
            0.000000  0.460867  0.000000
 0.000000 0.000000 0.003554 0.000000 0.000000 0.000000 0.004103 0.000000 0.018993
            0.000000  0.465932  0.000000
 0.000000 0.000000 0.003520 0.000000 0.000000 0.000000 0.004186 0.000000 0.019202
            0.000000  0.470996  0.000000
 0.000000 0.000000 0.003495 0.000000 0.000000 0.000000 0.004266 0.000000 0.019410
            0.000000  0.476061  0.000000
 0.000000 0.000000 0.003479 0.000000 0.000000 0.000000 0.004342 0.000000 0.019616
            0.000000  0.481125  0.000000
 0.000000 0.000000 0.003472 0.000000 0.000000 0.000000 0.004416 0.000000 0.019819
            0.000000  0.486190  0.000000
 0.000000 0.000000 0.003474 0.000000 0.000000 0.000000 0.004486 0.000000 0.020018
            0.000000  0.491254  0.000000
 0.000000 0.000000 0.003484 0.000000 0.000000 0.000000 0.004554 0.000000 0.020211
            0.000000  0.496319  0.000000
 0.000000 0.000000 0.003502 0.000000 0.000000 0.000000 0.004619 0.000000 0.020399
            0.000000  0.501383  0.000000
 0.000000 0.000000 0.003526 0.000000 0.000000 0.000000 0.004682 0.000000 0.020579
            0.000000  0.506448  0.000000
 0.000000 0.000000 0.003557 0.000000 0.000000 0.000000 0.004743 0.000000 0.020751
            0.000000  0.511512  0.000000
 0.000000 0.000000 0.003592 0.000000 0.000000 0.000000 0.004801 0.000000 0.020915
            0.000000  0.516577  0.000000
 0.000000 0.000000 0.003630 0.000000 0.000000 0.000000 0.004856 0.000000 0.021069
            0.000000  0.521641  0.000000
 0.000000 0.000000 0.003672 0.000000 0.000000 0.000000 0.004908 0.000000 0.021212
            0.000000  0.526706  0.000000
 0.000000 0.000000 0.003714 0.000000 0.000000 0.000000 0.004958 0.000000 0.021345
            0.000000  0.531770  0.000000
 0.000000 0.000000 0.003757 0.000000 0.000000 0.000000 0.005004 0.000000 0.021467
            0.000000  0.536834  0.000000
 0.000000 0.000000 0.003799 0.000000 0.000000 0.000000 0.005046 0.000000 0.021576
            0.000000  0.541899  0.000000
 0.000000 0.000000 0.003839 0.000000 0.000000 0.000000 0.005084 0.000000 0.021674
            0.000000  0.546963  0.000000
 0.000000 0.000000 0.003875 0.000000 0.000000 0.000000 0.005119 0.000000 0.021759
            0.000000  0.552028  0.000000
 0.000000 0.000000 0.003908 0.000000 0.000000 0.000000 0.005148 0.000000 0.021831
            0.000000  0.557092  0.000000
 0.000000 0.000000 0.003936 0.000000 0.000000 0.000000 0.005173 0.000000 0.021891
            0.000000  0.562157  0.000000
 0.000000 0.000000 0.003958 0.000000 0.000000 0.000000 0.005192 0.000000 0.021937
            0.000000  0.567221  0.000000
 0.000000 0.000000 0.003974 0.000000 0.000000 0.000000 0.005207 0.000000 0.021971
            0.000000  0.572286  0.000000
 0.000000 0.000000 0.003984 0.000000 0.000000 0.000000 0.005215 0.000000 0.021991
            0.000000  0.577350  0.000000
 0.000000 0.000000 0.003987 0.000000 0.000000 0.000000 0.005218 0.000000 0.021997
