 &plot nbnd=   9, nks=   248 /
            0.333333  0.577350  0.000000
 0.000000 0.014589 0.000000 0.000000 0.000000 0.014564 0.000000 0.000000 0.000000
            0.330808  0.572976  0.000000
 0.000000 0.014339 0.002648 0.000000 0.000000 0.014565 0.000132 0.000000 0.000167
            0.328283  0.568603  0.000000
 0.000000 0.013814 0.004592 0.000000 0.000000 0.014565 0.000264 0.000000 0.000310
            0.325758  0.564229  0.000000
 0.000000 0.013294 0.005830 0.000000 0.000000 0.014566 0.000397 0.000000 0.000428
            0.323232  0.559855  0.000000
 0.000000 0.012865 0.006603 0.000000 0.000000 0.014568 0.000528 0.000000 0.000523
            0.320707  0.555481  0.000000
 0.000000 0.012520 0.007096 0.000000 0.000000 0.014570 0.000656 0.000000 0.000595
            0.318182  0.551107  0.000000
 0.000000 0.012236 0.007419 0.000000 0.000000 0.014572 0.000780 0.000000 0.000644
            0.315657  0.546733  0.000000
 0.000000 0.011992 0.007635 0.000000 0.000000 0.014574 0.000901 0.000000 0.000670
            0.313131  0.542359  0.000000
 0.000000 0.011774 0.007781 0.000000 0.000000 0.014577 0.001016 0.000000 0.000675
            0.310606  0.537985  0.000000
 0.000000 0.011573 0.007881 0.000000 0.000000 0.014581 0.001126 0.000000 0.000659
            0.308081  0.533612  0.000000
 0.000000 0.011384 0.007948 0.000000 0.000000 0.014585 0.001231 0.000000 0.000624
            0.305556  0.529238  0.000000
 0.000000 0.011201 0.007994 0.000000 0.000000 0.014589 0.001330 0.000000 0.000569
            0.303030  0.524864  0.000000
 0.000000 0.011023 0.008025 0.000000 0.000000 0.014594 0.001423 0.000000 0.000497
            0.300505  0.520490  0.000000
 0.000000 0.010848 0.008045 0.000000 0.000000 0.014599 0.001511 0.000000 0.000407
            0.297980  0.516116  0.000000
 0.000000 0.010674 0.008058 0.000000 0.000000 0.014604 0.001593 0.000000 0.000301
            0.295455  0.511742  0.000000
 0.000000 0.010501 0.008066 0.000000 0.000000 0.014608 0.001670 0.000000 0.000179
            0.292929  0.507368  0.000000
 0.000000 0.010330 0.008072 0.000000 0.000000 0.014613 0.001741 0.000000 0.000043
            0.290404  0.502995  0.000000
 0.000000 0.010159 0.008077 0.000000 0.000000 0.014617 0.001808 0.000000 0.000107
            0.287879  0.498621  0.000000
 0.000000 0.009990 0.008081 0.000000 0.000000 0.014621 0.001870 0.000000 0.000271
            0.285354  0.494247  0.000000
 0.000000 0.009821 0.008085 0.000000 0.000000 0.014624 0.001928 0.000000 0.000447
            0.282828  0.489873  0.000000
 0.000000 0.009653 0.008089 0.000000 0.000000 0.014625 0.001983 0.000000 0.000635
            0.280303  0.485499  0.000000
 0.000000 0.009486 0.008095 0.000000 0.000000 0.014625 0.002033 0.000000 0.000835
            0.277778  0.481125  0.000000
 0.000000 0.009321 0.008102 0.000000 0.000000 0.014622 0.002080 0.000000 0.001046
            0.275253  0.476751  0.000000
 0.000000 0.009157 0.008110 0.000000 0.000000 0.014618 0.002125 0.000000 0.001267
            0.272727  0.472377  0.000000
 0.000000 0.008995 0.008119 0.000000 0.000000 0.014611 0.002167 0.000000 0.001499
            0.270202  0.468004  0.000000
 0.000000 0.008835 0.008130 0.000000 0.000000 0.014602 0.002206 0.000000 0.001739
            0.267677  0.463630  0.000000
 0.000000 0.008677 0.008143 0.000000 0.000000 0.014589 0.002244 0.000000 0.001989
            0.265152  0.459256  0.000000
 0.000000 0.008521 0.008157 0.000000 0.000000 0.014573 0.002280 0.000000 0.002246
            0.262626  0.454882  0.000000
 0.000000 0.008367 0.008173 0.000000 0.000000 0.014554 0.002315 0.000000 0.002512
            0.260101  0.450508  0.000000
 0.000000 0.008216 0.008191 0.000000 0.000000 0.014531 0.002349 0.000000 0.002785
            0.257576  0.446134  0.000000
 0.000000 0.008067 0.008211 0.000000 0.000000 0.014503 0.002382 0.000000 0.003065
            0.255051  0.441760  0.000000
 0.000000 0.007920 0.008233 0.000000 0.000000 0.014471 0.002415 0.000000 0.003351
            0.252525  0.437387  0.000000
 0.000000 0.007776 0.008257 0.000000 0.000000 0.014435 0.002448 0.000000 0.003644
            0.250000  0.433013  0.000000
 0.000000 0.007634 0.008284 0.000000 0.000000 0.014393 0.002481 0.000000 0.003941
            0.247475  0.428639  0.000000
 0.000000 0.007494 0.008313 0.000000 0.000000 0.014347 0.002515 0.000000 0.004244
            0.244949  0.424265  0.000000
 0.000000 0.007357 0.008344 0.000000 0.000000 0.014295 0.002548 0.000000 0.004551
            0.242424  0.419891  0.000000
 0.000000 0.007221 0.008379 0.000000 0.000000 0.014238 0.002582 0.000000 0.004861
            0.239899  0.415517  0.000000
 0.000000 0.007088 0.008415 0.000000 0.000000 0.014174 0.002617 0.000000 0.005176
            0.237374  0.411143  0.000000
 0.000000 0.006956 0.008454 0.000000 0.000000 0.014105 0.002652 0.000000 0.005493
            0.234848  0.406770  0.000000
 0.000000 0.006826 0.008496 0.000000 0.000000 0.014028 0.002688 0.000000 0.005813
            0.232323  0.402396  0.000000
 0.000000 0.006698 0.008541 0.000000 0.000000 0.013946 0.002724 0.000000 0.006135
            0.229798  0.398022  0.000000
 0.000000 0.006571 0.008587 0.000000 0.000000 0.013855 0.002761 0.000000 0.006460
            0.227273  0.393648  0.000000
 0.000000 0.006445 0.008636 0.000000 0.000000 0.013758 0.002798 0.000000 0.006785
            0.224747  0.389274  0.000000
 0.000000 0.006320 0.008687 0.000000 0.000000 0.013653 0.002836 0.000000 0.007112
            0.222222  0.384900  0.000000
 0.000000 0.006196 0.008740 0.000000 0.000000 0.013539 0.002874 0.000000 0.007440
            0.219697  0.380526  0.000000
 0.000000 0.006073 0.008794 0.000000 0.000000 0.013417 0.002912 0.000000 0.007769
            0.217172  0.376152  0.000000
 0.000000 0.005951 0.008849 0.000000 0.000000 0.013286 0.002951 0.000000 0.008098
            0.214646  0.371779  0.000000
 0.000000 0.005830 0.008906 0.000000 0.000000 0.013146 0.002990 0.000000 0.008427
            0.212121  0.367405  0.000000
 0.000000 0.005708 0.008962 0.000000 0.000000 0.012997 0.003029 0.000000 0.008756
            0.209596  0.363031  0.000000
 0.000000 0.005588 0.009018 0.000000 0.000000 0.012837 0.003068 0.000000 0.009086
            0.207071  0.358657  0.000000
 0.000000 0.005467 0.009074 0.000000 0.000000 0.012668 0.003108 0.000000 0.009414
            0.204545  0.354283  0.000000
 0.000000 0.005348 0.009129 0.000000 0.000000 0.012488 0.003149 0.000000 0.009743
            0.202020  0.349909  0.000000
 0.000000 0.005228 0.009182 0.000000 0.000000 0.012299 0.003190 0.000000 0.010070
            0.199495  0.345535  0.000000
 0.000000 0.005109 0.009234 0.000000 0.000000 0.012098 0.003233 0.000000 0.010397
            0.196970  0.341162  0.000000
 0.000000 0.004990 0.009284 0.000000 0.000000 0.011888 0.003277 0.000000 0.010722
            0.194444  0.336788  0.000000
 0.000000 0.004872 0.009331 0.000000 0.000000 0.011667 0.003323 0.000000 0.011046
            0.191919  0.332414  0.000000
 0.000000 0.004755 0.009376 0.000000 0.000000 0.011436 0.003371 0.000000 0.011369
            0.189394  0.328040  0.000000
 0.000000 0.004638 0.009417 0.000000 0.000000 0.011195 0.003422 0.000000 0.011691
            0.186869  0.323666  0.000000
 0.000000 0.004522 0.009456 0.000000 0.000000 0.010944 0.003476 0.000000 0.012010
            0.184343  0.319292  0.000000
 0.000000 0.004406 0.009491 0.000000 0.000000 0.010685 0.003533 0.000000 0.012328
            0.181818  0.314918  0.000000
 0.000000 0.004292 0.009524 0.000000 0.000000 0.010416 0.003596 0.000000 0.012644
            0.179293  0.310544  0.000000
 0.000000 0.004178 0.009554 0.000000 0.000000 0.010140 0.003663 0.000000 0.012958
            0.176768  0.306171  0.000000
 0.000000 0.004065 0.009581 0.000000 0.000000 0.009856 0.003736 0.000000 0.013270
            0.174242  0.301797  0.000000
 0.000000 0.003953 0.009606 0.000000 0.000000 0.009566 0.003816 0.000000 0.013580
            0.171717  0.297423  0.000000
 0.000000 0.003842 0.009629 0.000000 0.000000 0.009270 0.003903 0.000000 0.013887
            0.169192  0.293049  0.000000
 0.000000 0.003733 0.009650 0.000000 0.000000 0.008968 0.003997 0.000000 0.014193
            0.166667  0.288675  0.000000
 0.000000 0.003624 0.009671 0.000000 0.000000 0.008663 0.004100 0.000000 0.014497
            0.164141  0.284301  0.000000
 0.000000 0.003516 0.009692 0.000000 0.000000 0.008354 0.004213 0.000000 0.014798
            0.161616  0.279927  0.000000
 0.000000 0.003409 0.009713 0.000000 0.000000 0.008043 0.004335 0.000000 0.015098
            0.159091  0.275554  0.000000
 0.000000 0.003303 0.009736 0.000000 0.000000 0.007731 0.004468 0.000000 0.015396
            0.156566  0.271180  0.000000
 0.000000 0.003198 0.009760 0.000000 0.000000 0.007418 0.004612 0.000000 0.015692
            0.154040  0.266806  0.000000
 0.000000 0.003093 0.009787 0.000000 0.000000 0.007106 0.004768 0.000000 0.015988
            0.151515  0.262432  0.000000
 0.000000 0.002990 0.009817 0.000000 0.000000 0.006795 0.004936 0.000000 0.016281
            0.148990  0.258058  0.000000
 0.000000 0.002886 0.009852 0.000000 0.000000 0.006486 0.005117 0.000000 0.016574
            0.146465  0.253684  0.000000
 0.000000 0.002784 0.009890 0.000000 0.000000 0.006180 0.005312 0.000000 0.016867
            0.143939  0.249310  0.000000
 0.000000 0.002681 0.009934 0.000000 0.000000 0.005878 0.005521 0.000000 0.017158
            0.141414  0.244936  0.000000
 0.000000 0.002579 0.009983 0.000000 0.000000 0.005580 0.005743 0.000000 0.017450
            0.138889  0.240563  0.000000
 0.000000 0.002477 0.010038 0.000000 0.000000 0.005287 0.005981 0.000000 0.017741
            0.136364  0.236189  0.000000
 0.000000 0.002375 0.010099 0.000000 0.000000 0.004999 0.006234 0.000000 0.018033
            0.133838  0.231815  0.000000
 0.000000 0.002273 0.010166 0.000000 0.000000 0.004718 0.006502 0.000000 0.018325
            0.131313  0.227441  0.000000
 0.000000 0.002171 0.010239 0.000000 0.000000 0.004442 0.006786 0.000000 0.018617
            0.128788  0.223067  0.000000
 0.000000 0.002068 0.010317 0.000000 0.000000 0.004173 0.007085 0.000000 0.018910
            0.126263  0.218693  0.000000
 0.000000 0.001966 0.010401 0.000000 0.000000 0.003911 0.007401 0.000000 0.019204
            0.123737  0.214319  0.000000
 0.000000 0.001863 0.010489 0.000000 0.000000 0.003656 0.007733 0.000000 0.019498
            0.121212  0.209946  0.000000
 0.000000 0.001760 0.010582 0.000000 0.000000 0.003408 0.008082 0.000000 0.019793
            0.118687  0.205572  0.000000
 0.000000 0.001656 0.010679 0.000000 0.000000 0.003168 0.008448 0.000000 0.020088
            0.116162  0.201198  0.000000
 0.000000 0.001553 0.010779 0.000000 0.000000 0.002935 0.008831 0.000000 0.020384
            0.113636  0.196824  0.000000
 0.000000 0.001449 0.010882 0.000000 0.000000 0.002709 0.009231 0.000000 0.020680
            0.111111  0.192450  0.000000
 0.000000 0.001345 0.010986 0.000000 0.000000 0.002491 0.009649 0.000000 0.020976
            0.108586  0.188076  0.000000
 0.000000 0.001241 0.011091 0.000000 0.000000 0.002280 0.010085 0.000000 0.021271
            0.106061  0.183702  0.000000
 0.000000 0.001138 0.011196 0.000000 0.000000 0.002077 0.010539 0.000000 0.021566
            0.103535  0.179328  0.000000
 0.000000 0.001034 0.011301 0.000000 0.000000 0.001882 0.011011 0.000000 0.021860
            0.101010  0.174955  0.000000
 0.000000 0.000932 0.011405 0.000000 0.000000 0.001695 0.011502 0.000000 0.022152
            0.098485  0.170581  0.000000
 0.000000 0.000830 0.011508 0.000000 0.000000 0.001515 0.012013 0.000000 0.022443
            0.095960  0.166207  0.000000
 0.000000 0.000729 0.011610 0.000000 0.000000 0.001343 0.012544 0.000000 0.022730
            0.093434  0.161833  0.000000
 0.000000 0.000629 0.011710 0.000000 0.000000 0.001180 0.013095 0.000000 0.023015
            0.090909  0.157459  0.000000
 0.000000 0.000531 0.011809 0.000000 0.000000 0.001025 0.013667 0.000000 0.023296
            0.088384  0.153085  0.000000
 0.000000 0.000434 0.011908 0.000000 0.000000 0.000878 0.014260 0.000000 0.023572
            0.085859  0.148711  0.000000
 0.000000 0.000340 0.012007 0.000000 0.000000 0.000740 0.014877 0.000000 0.023844
            0.083333  0.144338  0.000000
 0.000000 0.000248 0.012109 0.000000 0.000000 0.000611 0.015516 0.000000 0.024110
            0.080808  0.139964  0.000000
 0.000000 0.000159 0.012213 0.000000 0.000000 0.000490 0.016179 0.000000 0.024369
            0.078283  0.135590  0.000000
 0.000000 0.000074 0.012323 0.000000 0.000000 0.000379 0.016868 0.000000 0.024622
            0.075758  0.131216  0.000000
 0.000000 0.000010 0.012440 0.000000 0.000000 0.000277 0.017584 0.000000 0.024867
            0.073232  0.126842  0.000000
 0.000000 0.000087 0.012568 0.000000 0.000000 0.000184 0.018327 0.000000 0.025105
            0.070707  0.122468  0.000000
 0.000000 0.000161 0.012710 0.000000 0.000000 0.000101 0.019101 0.000000 0.025334
            0.068182  0.118094  0.000000
 0.000000 0.000230 0.012870 0.000000 0.000000 0.000027 0.019906 0.000000 0.025553
            0.065657  0.113721  0.000000
 0.000000 0.000294 0.013051 0.000000 0.000000 0.000038 0.020745 0.000000 0.025763
            0.063131  0.109347  0.000000
 0.000000 0.000352 0.013259 0.000000 0.000000 0.000094 0.021622 0.000000 0.025963
            0.060606  0.104973  0.000000
 0.000000 0.000404 0.013498 0.000000 0.000000 0.000141 0.022539 0.000000 0.026152
            0.058081  0.100599  0.000000
 0.000000 0.000450 0.013774 0.000000 0.000000 0.000179 0.023500 0.000000 0.026330
            0.055556  0.096225  0.000000
 0.000000 0.000488 0.014094 0.000000 0.000000 0.000209 0.024511 0.000000 0.026496
            0.053030  0.091851  0.000000
 0.000000 0.000518 0.014463 0.000000 0.000000 0.000231 0.025577 0.000000 0.026650
            0.050505  0.087477  0.000000
 0.000000 0.000541 0.014890 0.000000 0.000000 0.000246 0.026704 0.000000 0.026792
            0.047980  0.083103  0.000000
 0.000000 0.000556 0.015382 0.000000 0.000000 0.000254 0.027902 0.000000 0.026919
            0.045455  0.078730  0.000000
 0.000000 0.000562 0.015947 0.000000 0.000000 0.000257 0.029179 0.000000 0.027033
            0.042929  0.074356  0.000000
 0.000000 0.000560 0.016596 0.000000 0.000000 0.000253 0.030548 0.000000 0.027132
            0.040404  0.069982  0.000000
 0.000000 0.000549 0.017340 0.000000 0.000000 0.000245 0.032023 0.000000 0.027215
            0.037879  0.065608  0.000000
 0.000000 0.000531 0.018191 0.000000 0.000000 0.000233 0.033620 0.000000 0.027280
            0.035354  0.061234  0.000000
 0.000000 0.000505 0.019163 0.000000 0.000000 0.000217 0.035361 0.000000 0.027328
            0.032828  0.056860  0.000000
 0.000000 0.000472 0.020273 0.000000 0.000000 0.000199 0.037270 0.000000 0.027355
            0.030303  0.052486  0.000000
 0.000000 0.000433 0.021542 0.000000 0.000000 0.000179 0.039380 0.000000 0.027360
            0.027778  0.048113  0.000000
 0.000000 0.000389 0.022994 0.000000 0.000000 0.000158 0.041727 0.000000 0.027341
            0.025253  0.043739  0.000000
 0.000000 0.000342 0.024660 0.000000 0.000000 0.000136 0.044361 0.000000 0.027295
            0.022727  0.039365  0.000000
 0.000000 0.000293 0.026580 0.000000 0.000000 0.000115 0.047343 0.000000 0.027217
            0.020202  0.034991  0.000000
 0.000000 0.000244 0.028804 0.000000 0.000000 0.000094 0.050754 0.000000 0.027104
            0.017677  0.030617  0.000000
 0.000000 0.000195 0.031398 0.000000 0.000000 0.000074 0.054696 0.000000 0.026949
            0.015152  0.026243  0.000000
 0.000000 0.000149 0.034455 0.000000 0.000000 0.000056 0.059310 0.000000 0.026745
            0.012626  0.021869  0.000000
 0.000000 0.000107 0.038099 0.000000 0.000000 0.000040 0.064787 0.000000 0.026480
            0.010101  0.017495  0.000000
 0.000000 0.000071 0.042513 0.000000 0.000000 0.000026 0.071396 0.000000 0.026140
            0.007576  0.013122  0.000000
 0.000000 0.000041 0.047966 0.000000 0.000000 0.000015 0.079531 0.000000 0.025704
            0.005051  0.008748  0.000000
 0.000000 0.000019 0.054874 0.000000 0.000000 0.000007 0.089786 0.000000 0.025141
            0.002525  0.004374  0.000000
 0.000000 0.000005 0.063922 0.000000 0.000000 0.000002 0.103108 0.000000 0.024404
            0.000253  0.000437  0.000000
 0.000000 0.000000 0.074867 0.000000 0.000000 0.000000 0.119024 0.000000 0.023528
            0.000000  0.000506  0.000000
 0.000000 0.000000 0.074864 0.000000 0.000000 0.000000 0.119018 0.000000 0.023529
            0.000000  0.005064  0.000000
 0.000000 0.000000 0.063894 0.000000 0.000000 0.000000 0.103066 0.000000 0.024406
            0.000000  0.010129  0.000000
 0.000000 0.000000 0.054832 0.000000 0.000000 0.000000 0.089723 0.000000 0.025144
            0.000000  0.015193  0.000000
 0.000000 0.000000 0.047916 0.000000 0.000000 0.000000 0.079458 0.000000 0.025706
            0.000000  0.020258  0.000000
 0.000000 0.000000 0.042460 0.000000 0.000000 0.000000 0.071318 0.000000 0.026141
            0.000000  0.025322  0.000000
 0.000000 0.000000 0.038045 0.000000 0.000000 0.000000 0.064706 0.000000 0.026480
            0.000000  0.030387  0.000000
 0.000000 0.000000 0.034400 0.000000 0.000000 0.000000 0.059229 0.000000 0.026743
            0.000000  0.035451  0.000000
 0.000000 0.000000 0.031344 0.000000 0.000000 0.000000 0.054616 0.000000 0.026946
            0.000000  0.040516  0.000000
 0.000000 0.000000 0.028750 0.000000 0.000000 0.000000 0.050676 0.000000 0.027099
            0.000000  0.045580  0.000000
 0.000000 0.000000 0.026528 0.000000 0.000000 0.000000 0.047267 0.000000 0.027211
            0.000000  0.050645  0.000000
 0.000000 0.000000 0.024609 0.000000 0.000000 0.000000 0.044287 0.000000 0.027287
            0.000000  0.055709  0.000000
 0.000000 0.000000 0.022943 0.000000 0.000000 0.000000 0.041654 0.000000 0.027333
            0.000000  0.060774  0.000000
 0.000000 0.000000 0.021491 0.000000 0.000000 0.000000 0.039309 0.000000 0.027352
            0.000000  0.065838  0.000000
 0.000000 0.000000 0.020222 0.000000 0.000000 0.000000 0.037202 0.000000 0.027347
            0.000000  0.070903  0.000000
 0.000000 0.000000 0.019111 0.000000 0.000000 0.000000 0.035294 0.000000 0.027320
            0.000000  0.075967  0.000000
 0.000000 0.000000 0.018138 0.000000 0.000000 0.000000 0.033555 0.000000 0.027274
            0.000000  0.081032  0.000000
 0.000000 0.000000 0.017285 0.000000 0.000000 0.000000 0.031960 0.000000 0.027209
            0.000000  0.086096  0.000000
 0.000000 0.000000 0.016538 0.000000 0.000000 0.000000 0.030487 0.000000 0.027128
            0.000000  0.091161  0.000000
 0.000000 0.000000 0.015884 0.000000 0.000000 0.000000 0.029120 0.000000 0.027032
            0.000000  0.096225  0.000000
 0.000000 0.000000 0.015312 0.000000 0.000000 0.000000 0.027845 0.000000 0.026920
            0.000000  0.101290  0.000000
 0.000000 0.000000 0.014813 0.000000 0.000000 0.000000 0.026648 0.000000 0.026794
            0.000000  0.106354  0.000000
 0.000000 0.000000 0.014378 0.000000 0.000000 0.000000 0.025522 0.000000 0.026654
            0.000000  0.111418  0.000000
 0.000000 0.000000 0.013998 0.000000 0.000000 0.000000 0.024457 0.000000 0.026502
            0.000000  0.116483  0.000000
 0.000000 0.000000 0.013667 0.000000 0.000000 0.000000 0.023445 0.000000 0.026336
            0.000000  0.121547  0.000000
 0.000000 0.000000 0.013377 0.000000 0.000000 0.000000 0.022482 0.000000 0.026158
            0.000000  0.126612  0.000000
 0.000000 0.000000 0.013124 0.000000 0.000000 0.000000 0.021562 0.000000 0.025968
            0.000000  0.131676  0.000000
 0.000000 0.000000 0.012901 0.000000 0.000000 0.000000 0.020681 0.000000 0.025766
            0.000000  0.136741  0.000000
 0.000000 0.000000 0.012703 0.000000 0.000000 0.000000 0.019836 0.000000 0.025553
            0.000000  0.141805  0.000000
 0.000000 0.000000 0.012526 0.000000 0.000000 0.000000 0.019022 0.000000 0.025329
            0.000000  0.146870  0.000000
 0.000000 0.000000 0.012366 0.000000 0.000000 0.000000 0.018237 0.000000 0.025095
            0.000000  0.151934  0.000000
 0.000000 0.000000 0.012219 0.000000 0.000000 0.000000 0.017480 0.000000 0.024852
            0.000000  0.156999  0.000000
 0.000000 0.000000 0.012082 0.000000 0.000000 0.000000 0.016748 0.000000 0.024600
            0.000000  0.162063  0.000000
 0.000000 0.000000 0.011953 0.000000 0.000000 0.000000 0.016039 0.000000 0.024340
            0.000000  0.167128  0.000000
 0.000000 0.000000 0.011828 0.000000 0.000000 0.000000 0.015353 0.000000 0.024073
            0.000000  0.172192  0.000000
 0.000000 0.000000 0.011707 0.000000 0.000000 0.000000 0.014687 0.000000 0.023800
            0.000000  0.177257  0.000000
 0.000000 0.000000 0.011588 0.000000 0.000000 0.000000 0.014041 0.000000 0.023521
            0.000000  0.182321  0.000000
 0.000000 0.000000 0.011469 0.000000 0.000000 0.000000 0.013414 0.000000 0.023238
            0.000000  0.187386  0.000000
 0.000000 0.000000 0.011350 0.000000 0.000000 0.000000 0.012806 0.000000 0.022951
            0.000000  0.192450  0.000000
 0.000000 0.000000 0.011230 0.000000 0.000000 0.000000 0.012215 0.000000 0.022662
            0.000000  0.197515  0.000000
 0.000000 0.000000 0.011109 0.000000 0.000000 0.000000 0.011641 0.000000 0.022371
            0.000000  0.202579  0.000000
 0.000000 0.000000 0.010986 0.000000 0.000000 0.000000 0.011084 0.000000 0.022080
            0.000000  0.207644  0.000000
 0.000000 0.000000 0.010862 0.000000 0.000000 0.000000 0.010543 0.000000 0.021789
            0.000000  0.212708  0.000000
 0.000000 0.000000 0.010736 0.000000 0.000000 0.000000 0.010017 0.000000 0.021499
            0.000000  0.217772  0.000000
 0.000000 0.000000 0.010609 0.000000 0.000000 0.000000 0.009508 0.000000 0.021212
            0.000000  0.222837  0.000000
 0.000000 0.000000 0.010481 0.000000 0.000000 0.000000 0.009013 0.000000 0.020927
            0.000000  0.227901  0.000000
 0.000000 0.000000 0.010353 0.000000 0.000000 0.000000 0.008534 0.000000 0.020645
            0.000000  0.232966  0.000000
 0.000000 0.000000 0.010224 0.000000 0.000000 0.000000 0.008069 0.000000 0.020368
            0.000000  0.238030  0.000000
 0.000000 0.000000 0.010095 0.000000 0.000000 0.000000 0.007619 0.000000 0.020095
            0.000000  0.243095  0.000000
 0.000000 0.000000 0.009966 0.000000 0.000000 0.000000 0.007183 0.000000 0.019828
            0.000000  0.248159  0.000000
 0.000000 0.000000 0.009838 0.000000 0.000000 0.000000 0.006762 0.000000 0.019567
            0.000000  0.253224  0.000000
 0.000000 0.000000 0.009710 0.000000 0.000000 0.000000 0.006354 0.000000 0.019312
            0.000000  0.258288  0.000000
 0.000000 0.000000 0.009582 0.000000 0.000000 0.000000 0.005959 0.000000 0.019064
            0.000000  0.263353  0.000000
 0.000000 0.000000 0.009455 0.000000 0.000000 0.000000 0.005578 0.000000 0.018823
            0.000000  0.268417  0.000000
 0.000000 0.000000 0.009328 0.000000 0.000000 0.000000 0.005209 0.000000 0.018590
            0.000000  0.273482  0.000000
 0.000000 0.000000 0.009202 0.000000 0.000000 0.000000 0.004853 0.000000 0.018365
            0.000000  0.278546  0.000000
 0.000000 0.000000 0.009076 0.000000 0.000000 0.000000 0.004509 0.000000 0.018149
            0.000000  0.283611  0.000000
 0.000000 0.000000 0.008949 0.000000 0.000000 0.000000 0.004176 0.000000 0.017942
            0.000000  0.288675  0.000000
 0.000000 0.000000 0.008823 0.000000 0.000000 0.000000 0.003855 0.000000 0.017744
            0.000000  0.293740  0.000000
 0.000000 0.000000 0.008696 0.000000 0.000000 0.000000 0.003544 0.000000 0.017557
            0.000000  0.298804  0.000000
 0.000000 0.000000 0.008568 0.000000 0.000000 0.000000 0.003244 0.000000 0.017381
            0.000000  0.303869  0.000000
 0.000000 0.000000 0.008440 0.000000 0.000000 0.000000 0.002953 0.000000 0.017216
            0.000000  0.308933  0.000000
 0.000000 0.000000 0.008311 0.000000 0.000000 0.000000 0.002671 0.000000 0.017063
            0.000000  0.313998  0.000000
 0.000000 0.000000 0.008180 0.000000 0.000000 0.000000 0.002397 0.000000 0.016923
            0.000000  0.319062  0.000000
 0.000000 0.000000 0.008049 0.000000 0.000000 0.000000 0.002131 0.000000 0.016795
            0.000000  0.324126  0.000000
 0.000000 0.000000 0.007916 0.000000 0.000000 0.000000 0.001873 0.000000 0.016682
            0.000000  0.329191  0.000000
 0.000000 0.000000 0.007782 0.000000 0.000000 0.000000 0.001622 0.000000 0.016583
            0.000000  0.334255  0.000000
 0.000000 0.000000 0.007647 0.000000 0.000000 0.000000 0.001377 0.000000 0.016498
            0.000000  0.339320  0.000000
 0.000000 0.000000 0.007511 0.000000 0.000000 0.000000 0.001137 0.000000 0.016430
            0.000000  0.344384  0.000000
 0.000000 0.000000 0.007374 0.000000 0.000000 0.000000 0.000903 0.000000 0.016377
            0.000000  0.349449  0.000000
 0.000000 0.000000 0.007236 0.000000 0.000000 0.000000 0.000674 0.000000 0.016340
            0.000000  0.354513  0.000000
 0.000000 0.000000 0.007098 0.000000 0.000000 0.000000 0.000450 0.000000 0.016320
            0.000000  0.359578  0.000000
 0.000000 0.000000 0.006959 0.000000 0.000000 0.000000 0.000231 0.000000 0.016316
            0.000000  0.364642  0.000000
 0.000000 0.000000 0.006821 0.000000 0.000000 0.000000 0.000028 0.000000 0.016330
            0.000000  0.369707  0.000000
 0.000000 0.000000 0.006682 0.000000 0.000000 0.000000 0.000200 0.000000 0.016360
            0.000000  0.374771  0.000000
 0.000000 0.000000 0.006544 0.000000 0.000000 0.000000 0.000407 0.000000 0.016406
            0.000000  0.379836  0.000000
 0.000000 0.000000 0.006407 0.000000 0.000000 0.000000 0.000611 0.000000 0.016470
            0.000000  0.384900  0.000000
 0.000000 0.000000 0.006272 0.000000 0.000000 0.000000 0.000811 0.000000 0.016549
            0.000000  0.389965  0.000000
 0.000000 0.000000 0.006137 0.000000 0.000000 0.000000 0.001007 0.000000 0.016643
            0.000000  0.395029  0.000000
 0.000000 0.000000 0.006005 0.000000 0.000000 0.000000 0.001199 0.000000 0.016753
            0.000000  0.400094  0.000000
 0.000000 0.000000 0.005875 0.000000 0.000000 0.000000 0.001386 0.000000 0.016877
            0.000000  0.405158  0.000000
 0.000000 0.000000 0.005748 0.000000 0.000000 0.000000 0.001569 0.000000 0.017015
            0.000000  0.410223  0.000000
 0.000000 0.000000 0.005624 0.000000 0.000000 0.000000 0.001747 0.000000 0.017165
            0.000000  0.415287  0.000000
 0.000000 0.000000 0.005503 0.000000 0.000000 0.000000 0.001921 0.000000 0.017327
            0.000000  0.420352  0.000000
 0.000000 0.000000 0.005387 0.000000 0.000000 0.000000 0.002089 0.000000 0.017499
            0.000000  0.425416  0.000000
 0.000000 0.000000 0.005275 0.000000 0.000000 0.000000 0.002252 0.000000 0.017682
            0.000000  0.430480  0.000000
 0.000000 0.000000 0.005168 0.000000 0.000000 0.000000 0.002409 0.000000 0.017873
            0.000000  0.435545  0.000000
 0.000000 0.000000 0.005066 0.000000 0.000000 0.000000 0.002561 0.000000 0.018072
            0.000000  0.440609  0.000000
 0.000000 0.000000 0.004971 0.000000 0.000000 0.000000 0.002707 0.000000 0.018277
            0.000000  0.445674  0.000000
 0.000000 0.000000 0.004882 0.000000 0.000000 0.000000 0.002848 0.000000 0.018487
            0.000000  0.450738  0.000000
 0.000000 0.000000 0.004799 0.000000 0.000000 0.000000 0.002984 0.000000 0.018701
            0.000000  0.455803  0.000000
 0.000000 0.000000 0.004724 0.000000 0.000000 0.000000 0.003114 0.000000 0.018917
            0.000000  0.460867  0.000000
 0.000000 0.000000 0.004657 0.000000 0.000000 0.000000 0.003239 0.000000 0.019136
            0.000000  0.465932  0.000000
 0.000000 0.000000 0.004598 0.000000 0.000000 0.000000 0.003359 0.000000 0.019354
            0.000000  0.470996  0.000000
 0.000000 0.000000 0.004548 0.000000 0.000000 0.000000 0.003474 0.000000 0.019571
            0.000000  0.476061  0.000000
 0.000000 0.000000 0.004506 0.000000 0.000000 0.000000 0.003585 0.000000 0.019787
            0.000000  0.481125  0.000000
 0.000000 0.000000 0.004473 0.000000 0.000000 0.000000 0.003692 0.000000 0.019998
            0.000000  0.486190  0.000000
 0.000000 0.000000 0.004449 0.000000 0.000000 0.000000 0.003794 0.000000 0.020206
            0.000000  0.491254  0.000000
 0.000000 0.000000 0.004433 0.000000 0.000000 0.000000 0.003892 0.000000 0.020408
            0.000000  0.496319  0.000000
 0.000000 0.000000 0.004425 0.000000 0.000000 0.000000 0.003986 0.000000 0.020603
            0.000000  0.501383  0.000000
 0.000000 0.000000 0.004424 0.000000 0.000000 0.000000 0.004076 0.000000 0.020791
            0.000000  0.506448  0.000000
 0.000000 0.000000 0.004431 0.000000 0.000000 0.000000 0.004162 0.000000 0.020970
            0.000000  0.511512  0.000000
 0.000000 0.000000 0.004443 0.000000 0.000000 0.000000 0.004244 0.000000 0.021140
            0.000000  0.516577  0.000000
 0.000000 0.000000 0.004461 0.000000 0.000000 0.000000 0.004322 0.000000 0.021300
            0.000000  0.521641  0.000000
 0.000000 0.000000 0.004483 0.000000 0.000000 0.000000 0.004395 0.000000 0.021449
            0.000000  0.526706  0.000000
 0.000000 0.000000 0.004507 0.000000 0.000000 0.000000 0.004463 0.000000 0.021587
            0.000000  0.531770  0.000000
 0.000000 0.000000 0.004534 0.000000 0.000000 0.000000 0.004526 0.000000 0.021713
            0.000000  0.536834  0.000000
 0.000000 0.000000 0.004561 0.000000 0.000000 0.000000 0.004584 0.000000 0.021826
            0.000000  0.541899  0.000000
 0.000000 0.000000 0.004588 0.000000 0.000000 0.000000 0.004636 0.000000 0.021928
            0.000000  0.546963  0.000000
 0.000000 0.000000 0.004614 0.000000 0.000000 0.000000 0.004681 0.000000 0.022016
            0.000000  0.552028  0.000000
 0.000000 0.000000 0.004637 0.000000 0.000000 0.000000 0.004721 0.000000 0.022091
            0.000000  0.557092  0.000000
 0.000000 0.000000 0.004658 0.000000 0.000000 0.000000 0.004753 0.000000 0.022152
            0.000000  0.562157  0.000000
 0.000000 0.000000 0.004674 0.000000 0.000000 0.000000 0.004779 0.000000 0.022201
            0.000000  0.567221  0.000000
 0.000000 0.000000 0.004687 0.000000 0.000000 0.000000 0.004798 0.000000 0.022235
            0.000000  0.572286  0.000000
 0.000000 0.000000 0.004694 0.000000 0.000000 0.000000 0.004809 0.000000 0.022256
            0.000000  0.577350  0.000000
 0.000000 0.000000 0.004697 0.000000 0.000000 0.000000 0.004813 0.000000 0.022263
