 &plot nbnd=   9, nks=   248 /
            0.333333  0.577350  0.000000
 0.017820 0.000000 0.000000 0.000000 0.000000 0.012651 0.000000 0.000000 0.000000
            0.330808  0.572976  0.000000
 0.017813 0.000000 0.000084 0.000000 0.000000 0.012628 0.000000 0.000010 0.001141
            0.328283  0.568603  0.000000
 0.017794 0.000000 0.000182 0.000000 0.000000 0.012570 0.000000 0.000046 0.002275
            0.325758  0.564229  0.000000
 0.017762 0.000000 0.000294 0.000000 0.000000 0.012476 0.000000 0.000094 0.003394
            0.323232  0.559855  0.000000
 0.017719 0.000000 0.000421 0.000000 0.000000 0.012349 0.000000 0.000142 0.004491
            0.320707  0.555481  0.000000
 0.017664 0.000000 0.000563 0.000000 0.000000 0.012192 0.000000 0.000183 0.005560
            0.318182  0.551107  0.000000
 0.017599 0.000000 0.000719 0.000000 0.000000 0.012010 0.000000 0.000214 0.006594
            0.315657  0.546733  0.000000
 0.017525 0.000000 0.000889 0.000000 0.000000 0.011806 0.000000 0.000237 0.007590
            0.313131  0.542359  0.000000
 0.017443 0.000000 0.001072 0.000000 0.000000 0.011585 0.000000 0.000255 0.008545
            0.310606  0.537985  0.000000
 0.017354 0.000000 0.001269 0.000000 0.000000 0.011351 0.000000 0.000270 0.009457
            0.308081  0.533612  0.000000
 0.017259 0.000000 0.001478 0.000000 0.000000 0.011110 0.000000 0.000288 0.010327
            0.305556  0.529238  0.000000
 0.017159 0.000000 0.001698 0.000000 0.000000 0.010864 0.000000 0.000311 0.011153
            0.303030  0.524864  0.000000
 0.017054 0.000000 0.001928 0.000000 0.000000 0.010618 0.000000 0.000342 0.011938
            0.300505  0.520490  0.000000
 0.016946 0.000000 0.002168 0.000000 0.000000 0.010375 0.000000 0.000383 0.012683
            0.297980  0.516116  0.000000
 0.016835 0.000000 0.002416 0.000000 0.000000 0.010136 0.000000 0.000436 0.013390
            0.295455  0.511742  0.000000
 0.016721 0.000000 0.002672 0.000000 0.000000 0.009905 0.000000 0.000501 0.014062
            0.292929  0.507368  0.000000
 0.016606 0.000000 0.002933 0.000000 0.000000 0.009683 0.000000 0.000580 0.014702
            0.290404  0.502995  0.000000
 0.016488 0.000000 0.003201 0.000000 0.000000 0.009471 0.000000 0.000672 0.015313
            0.287879  0.498621  0.000000
 0.016369 0.000000 0.003472 0.000000 0.000000 0.009270 0.000000 0.000777 0.015896
            0.285354  0.494247  0.000000
 0.016249 0.000000 0.003748 0.000000 0.000000 0.009080 0.000000 0.000896 0.016455
            0.282828  0.489873  0.000000
 0.016127 0.000000 0.004025 0.000000 0.000000 0.008902 0.000000 0.001027 0.016993
            0.280303  0.485499  0.000000
 0.016004 0.000000 0.004305 0.000000 0.000000 0.008735 0.000000 0.001171 0.017511
            0.277778  0.481125  0.000000
 0.015880 0.000000 0.004585 0.000000 0.000000 0.008579 0.000000 0.001327 0.018011
            0.275253  0.476751  0.000000
 0.015755 0.000000 0.004866 0.000000 0.000000 0.008434 0.000000 0.001494 0.018496
            0.272727  0.472377  0.000000
 0.015629 0.000000 0.005147 0.000000 0.000000 0.008298 0.000000 0.001672 0.018967
            0.270202  0.468004  0.000000
 0.015501 0.000000 0.005427 0.000000 0.000000 0.008172 0.000000 0.001861 0.019426
            0.267677  0.463630  0.000000
 0.015372 0.000000 0.005706 0.000000 0.000000 0.008054 0.000000 0.002060 0.019874
            0.265152  0.459256  0.000000
 0.015242 0.000000 0.005983 0.000000 0.000000 0.007944 0.000000 0.002268 0.020313
            0.262626  0.454882  0.000000
 0.015111 0.000000 0.006259 0.000000 0.000000 0.007841 0.000000 0.002484 0.020745
            0.260101  0.450508  0.000000
 0.014978 0.000000 0.006533 0.000000 0.000000 0.007743 0.000000 0.002710 0.021170
            0.257576  0.446134  0.000000
 0.014843 0.000000 0.006806 0.000000 0.000000 0.007651 0.000000 0.002943 0.021590
            0.255051  0.441760  0.000000
 0.014707 0.000000 0.007077 0.000000 0.000000 0.007564 0.000000 0.003184 0.022006
            0.252525  0.437387  0.000000
 0.014569 0.000000 0.007347 0.000000 0.000000 0.007481 0.000000 0.003432 0.022421
            0.250000  0.433013  0.000000
 0.014430 0.000000 0.007617 0.000000 0.000000 0.007400 0.000000 0.003687 0.022835
            0.247475  0.428639  0.000000
 0.014289 0.000000 0.007886 0.000000 0.000000 0.007322 0.000000 0.003948 0.023250
            0.244949  0.424265  0.000000
 0.014146 0.000000 0.008156 0.000000 0.000000 0.007246 0.000000 0.004216 0.023668
            0.242424  0.419891  0.000000
 0.014001 0.000000 0.008427 0.000000 0.000000 0.007172 0.000000 0.004489 0.024091
            0.239899  0.415517  0.000000
 0.013854 0.000000 0.008700 0.000000 0.000000 0.007098 0.000000 0.004767 0.024521
            0.237374  0.411143  0.000000
 0.013705 0.000000 0.008976 0.000000 0.000000 0.007025 0.000000 0.005051 0.024959
            0.234848  0.406770  0.000000
 0.013554 0.000000 0.009254 0.000000 0.000000 0.006952 0.000000 0.005339 0.025407
            0.232323  0.402396  0.000000
 0.013401 0.000000 0.009537 0.000000 0.000000 0.006878 0.000000 0.005632 0.025868
            0.229798  0.398022  0.000000
 0.013247 0.000000 0.009824 0.000000 0.000000 0.006802 0.000000 0.005929 0.026342
            0.227273  0.393648  0.000000
 0.013090 0.000000 0.010117 0.000000 0.000000 0.006725 0.000000 0.006230 0.026831
            0.224747  0.389274  0.000000
 0.012931 0.000000 0.010415 0.000000 0.000000 0.006646 0.000000 0.006535 0.027336
            0.222222  0.384900  0.000000
 0.012769 0.000000 0.010719 0.000000 0.000000 0.006564 0.000000 0.006843 0.027859
            0.219697  0.380526  0.000000
 0.012606 0.000000 0.011029 0.000000 0.000000 0.006478 0.000000 0.007155 0.028399
            0.217172  0.376152  0.000000
 0.012440 0.000000 0.011346 0.000000 0.000000 0.006388 0.000000 0.007471 0.028958
            0.214646  0.371779  0.000000
 0.012271 0.000000 0.011670 0.000000 0.000000 0.006293 0.000000 0.007791 0.029535
            0.212121  0.367405  0.000000
 0.012100 0.000000 0.011999 0.000000 0.000000 0.006193 0.000000 0.008114 0.030131
            0.209596  0.363031  0.000000
 0.011927 0.000000 0.012336 0.000000 0.000000 0.006087 0.000000 0.008441 0.030744
            0.207071  0.358657  0.000000
 0.011750 0.000000 0.012678 0.000000 0.000000 0.005974 0.000000 0.008774 0.031373
            0.204545  0.354283  0.000000
 0.011571 0.000000 0.013026 0.000000 0.000000 0.005854 0.000000 0.009111 0.032018
            0.202020  0.349909  0.000000
 0.011389 0.000000 0.013379 0.000000 0.000000 0.005726 0.000000 0.009455 0.032677
            0.199495  0.345535  0.000000
 0.011204 0.000000 0.013737 0.000000 0.000000 0.005590 0.000000 0.009806 0.033347
            0.196970  0.341162  0.000000
 0.011016 0.000000 0.014100 0.000000 0.000000 0.005446 0.000000 0.010166 0.034028
            0.194444  0.336788  0.000000
 0.010824 0.000000 0.014467 0.000000 0.000000 0.005293 0.000000 0.010536 0.034716
            0.191919  0.332414  0.000000
 0.010630 0.000000 0.014839 0.000000 0.000000 0.005132 0.000000 0.010919 0.035410
            0.189394  0.328040  0.000000
 0.010433 0.000000 0.015215 0.000000 0.000000 0.004962 0.000000 0.011317 0.036108
            0.186869  0.323666  0.000000
 0.010232 0.000000 0.015595 0.000000 0.000000 0.004784 0.000000 0.011734 0.036806
            0.184343  0.319292  0.000000
 0.010030 0.000000 0.015981 0.000000 0.000000 0.004598 0.000000 0.012172 0.037502
            0.181818  0.314918  0.000000
 0.009824 0.000000 0.016371 0.000000 0.000000 0.004405 0.000000 0.012637 0.038194
            0.179293  0.310544  0.000000
 0.009616 0.000000 0.016769 0.000000 0.000000 0.004205 0.000000 0.013135 0.038879
            0.176768  0.306171  0.000000
 0.009407 0.000000 0.017173 0.000000 0.000000 0.004000 0.000000 0.013672 0.039553
            0.174242  0.301797  0.000000
 0.009195 0.000000 0.017587 0.000000 0.000000 0.003790 0.000000 0.014256 0.040214
            0.171717  0.297423  0.000000
 0.008983 0.000000 0.018012 0.000000 0.000000 0.003577 0.000000 0.014898 0.040857
            0.169192  0.293049  0.000000
 0.008769 0.000000 0.018448 0.000000 0.000000 0.003362 0.000000 0.015610 0.041477
            0.166667  0.288675  0.000000
 0.008555 0.000000 0.018900 0.000000 0.000000 0.003145 0.000000 0.016409 0.042067
            0.164141  0.284301  0.000000
 0.008342 0.000000 0.019369 0.000000 0.000000 0.002930 0.000000 0.017314 0.042618
            0.161616  0.279927  0.000000
 0.008128 0.000000 0.019857 0.000000 0.000000 0.002716 0.000000 0.018350 0.043116
            0.159091  0.275554  0.000000
 0.007916 0.000000 0.020367 0.000000 0.000000 0.002505 0.000000 0.019548 0.043544
            0.156566  0.271180  0.000000
 0.007705 0.000000 0.020901 0.000000 0.000000 0.002298 0.000000 0.020947 0.043874
            0.154040  0.266806  0.000000
 0.007496 0.000000 0.021463 0.000000 0.000000 0.002096 0.000000 0.022595 0.044070
            0.151515  0.262432  0.000000
 0.007289 0.000000 0.022055 0.000000 0.000000 0.001901 0.000000 0.024549 0.044076
            0.148990  0.258058  0.000000
 0.007084 0.000000 0.022680 0.000000 0.000000 0.001713 0.000000 0.026873 0.043818
            0.146465  0.253684  0.000000
 0.006883 0.000000 0.023338 0.000000 0.000000 0.001533 0.000000 0.029627 0.043194
            0.143939  0.249310  0.000000
 0.006684 0.000000 0.024034 0.000000 0.000000 0.001361 0.000000 0.032847 0.042078
            0.141414  0.244936  0.000000
 0.006489 0.000000 0.024768 0.000000 0.000000 0.001197 0.000000 0.036511 0.040346
            0.138889  0.240563  0.000000
 0.006297 0.000000 0.025543 0.000000 0.000000 0.001043 0.000000 0.040490 0.037923
            0.136364  0.236189  0.000000
 0.006108 0.000000 0.026359 0.000000 0.000000 0.000897 0.000000 0.044551 0.034863
            0.133838  0.231815  0.000000
 0.005923 0.000000 0.027218 0.000000 0.000000 0.000761 0.000000 0.048417 0.031381
            0.131313  0.227441  0.000000
 0.005741 0.000000 0.028121 0.000000 0.000000 0.000634 0.000000 0.051880 0.027793
            0.128788  0.223067  0.000000
 0.005563 0.000000 0.029067 0.000000 0.000000 0.000515 0.000000 0.054871 0.024390
            0.126263  0.218693  0.000000
 0.005387 0.000000 0.030058 0.000000 0.000000 0.000405 0.000000 0.057432 0.021348
            0.123737  0.214319  0.000000
 0.005214 0.000000 0.031093 0.000000 0.000000 0.000304 0.000000 0.059654 0.018729
            0.121212  0.209946  0.000000
 0.005044 0.000000 0.032171 0.000000 0.000000 0.000213 0.000000 0.061633 0.016522
            0.118687  0.205572  0.000000
 0.004876 0.000000 0.033293 0.000000 0.000000 0.000135 0.000000 0.063446 0.014680
            0.116162  0.201198  0.000000
 0.004710 0.000000 0.034457 0.000000 0.000000 0.000084 0.000000 0.065149 0.013148
            0.113636  0.196824  0.000000
 0.004545 0.000000 0.035664 0.000000 0.000000 0.000093 0.000000 0.066781 0.011873
            0.111111  0.192450  0.000000
 0.004382 0.000000 0.036913 0.000000 0.000000 0.000142 0.000000 0.068369 0.010811
            0.108586  0.188076  0.000000
 0.004221 0.000000 0.038203 0.000000 0.000000 0.000198 0.000000 0.069931 0.009927
            0.106061  0.183702  0.000000
 0.004059 0.000000 0.039534 0.000000 0.000000 0.000252 0.000000 0.071480 0.009189
            0.103535  0.179328  0.000000
 0.003899 0.000000 0.040908 0.000000 0.000000 0.000302 0.000000 0.073024 0.008577
            0.101010  0.174955  0.000000
 0.003739 0.000000 0.042323 0.000000 0.000000 0.000348 0.000000 0.074570 0.008072
            0.098485  0.170581  0.000000
 0.003579 0.000000 0.043782 0.000000 0.000000 0.000389 0.000000 0.076125 0.007660
            0.095960  0.166207  0.000000
 0.003419 0.000000 0.045287 0.000000 0.000000 0.000427 0.000000 0.077692 0.007330
            0.093434  0.161833  0.000000
 0.003260 0.000000 0.046840 0.000000 0.000000 0.000461 0.000000 0.079277 0.007076
            0.090909  0.157459  0.000000
 0.003100 0.000000 0.048443 0.000000 0.000000 0.000491 0.000000 0.080884 0.006891
            0.088384  0.153085  0.000000
 0.002941 0.000000 0.050101 0.000000 0.000000 0.000518 0.000000 0.082521 0.006770
            0.085859  0.148711  0.000000
 0.002782 0.000000 0.051820 0.000000 0.000000 0.000541 0.000000 0.084192 0.006712
            0.083333  0.144338  0.000000
 0.002624 0.000000 0.053603 0.000000 0.000000 0.000562 0.000000 0.085904 0.006714
            0.080808  0.139964  0.000000
 0.002467 0.000000 0.055458 0.000000 0.000000 0.000581 0.000000 0.087666 0.006775
            0.078283  0.135590  0.000000
 0.002312 0.000000 0.057393 0.000000 0.000000 0.000596 0.000000 0.089485 0.006896
            0.075758  0.131216  0.000000
 0.002158 0.000000 0.059415 0.000000 0.000000 0.000609 0.000000 0.091371 0.007076
            0.073232  0.126842  0.000000
 0.002007 0.000000 0.061534 0.000000 0.000000 0.000620 0.000000 0.093333 0.007316
            0.070707  0.122468  0.000000
 0.001859 0.000000 0.063760 0.000000 0.000000 0.000627 0.000000 0.095382 0.007617
            0.068182  0.118094  0.000000
 0.001715 0.000000 0.066104 0.000000 0.000000 0.000631 0.000000 0.097530 0.007981
            0.065657  0.113721  0.000000
 0.001575 0.000000 0.068578 0.000000 0.000000 0.000632 0.000000 0.099787 0.008408
            0.063131  0.109347  0.000000
 0.001440 0.000000 0.071196 0.000000 0.000000 0.000630 0.000000 0.102165 0.008901
            0.060606  0.104973  0.000000
 0.001311 0.000000 0.073972 0.000000 0.000000 0.000624 0.000000 0.104678 0.009460
            0.058081  0.100599  0.000000
 0.001188 0.000000 0.076922 0.000000 0.000000 0.000614 0.000000 0.107337 0.010087
            0.055556  0.096225  0.000000
 0.001073 0.000000 0.080061 0.000000 0.000000 0.000600 0.000000 0.110157 0.010784
            0.053030  0.091851  0.000000
 0.000965 0.000000 0.083408 0.000000 0.000000 0.000582 0.000000 0.113150 0.011551
            0.050505  0.087477  0.000000
 0.000865 0.000000 0.086982 0.000000 0.000000 0.000560 0.000000 0.116330 0.012390
            0.047980  0.083103  0.000000
 0.000775 0.000000 0.090804 0.000000 0.000000 0.000535 0.000000 0.119710 0.013302
            0.045455  0.078730  0.000000
 0.000693 0.000000 0.094898 0.000000 0.000000 0.000506 0.000000 0.123304 0.014287
            0.042929  0.074356  0.000000
 0.000620 0.000000 0.099287 0.000000 0.000000 0.000475 0.000000 0.127125 0.015344
            0.040404  0.069982  0.000000
 0.000556 0.000000 0.103999 0.000000 0.000000 0.000441 0.000000 0.131188 0.016474
            0.037879  0.065608  0.000000
 0.000501 0.000000 0.109064 0.000000 0.000000 0.000406 0.000000 0.135506 0.017675
            0.035354  0.061234  0.000000
 0.000453 0.000000 0.114515 0.000000 0.000000 0.000370 0.000000 0.140092 0.018946
            0.032828  0.056860  0.000000
 0.000411 0.000000 0.120391 0.000000 0.000000 0.000333 0.000000 0.144960 0.020285
            0.030303  0.052486  0.000000
 0.000374 0.000000 0.126735 0.000000 0.000000 0.000297 0.000000 0.150123 0.021690
            0.027778  0.048113  0.000000
 0.000342 0.000000 0.133594 0.000000 0.000000 0.000261 0.000000 0.155595 0.023158
            0.025253  0.043739  0.000000
 0.000312 0.000000 0.141027 0.000000 0.000000 0.000227 0.000000 0.161390 0.024685
            0.022727  0.039365  0.000000
 0.000283 0.000000 0.149097 0.000000 0.000000 0.000194 0.000000 0.167522 0.026267
            0.020202  0.034991  0.000000
 0.000254 0.000000 0.157882 0.000000 0.000000 0.000163 0.000000 0.174003 0.027901
            0.017677  0.030617  0.000000
 0.000226 0.000000 0.167472 0.000000 0.000000 0.000135 0.000000 0.180846 0.029582
            0.015152  0.026243  0.000000
 0.000196 0.000000 0.177975 0.000000 0.000000 0.000110 0.000000 0.188066 0.031304
            0.012626  0.021869  0.000000
 0.000166 0.000000 0.189516 0.000000 0.000000 0.000086 0.000000 0.195672 0.033062
            0.010101  0.017495  0.000000
 0.000134 0.000000 0.202250 0.000000 0.000000 0.000066 0.000000 0.203675 0.034851
            0.007576  0.013122  0.000000
 0.000102 0.000000 0.216361 0.000000 0.000000 0.000047 0.000000 0.212079 0.036665
            0.005051  0.008748  0.000000
 0.000068 0.000000 0.232073 0.000000 0.000000 0.000030 0.000000 0.220885 0.038497
            0.002525  0.004374  0.000000
 0.000034 0.000000 0.249658 0.000000 0.000000 0.000015 0.000000 0.230085 0.040342
            0.000253  0.000437  0.000000
 0.000003 0.000000 0.267363 0.000000 0.000000 0.000001 0.000000 0.238685 0.042005
            0.000000  0.000506  0.000000
 0.000000 0.000000 0.267359 0.000000 0.000000 0.000000 0.000000 0.238683 0.042005
            0.000000  0.005064  0.000000
 0.000000 0.000000 0.249624 0.000000 0.000000 0.000000 0.000000 0.230068 0.040336
            0.000000  0.010129  0.000000
 0.000000 0.000000 0.232013 0.000000 0.000000 0.000000 0.000000 0.220851 0.038486
            0.000000  0.015193  0.000000
 0.000000 0.000000 0.216280 0.000000 0.000000 0.000000 0.000000 0.212027 0.036647
            0.000000  0.020258  0.000000
 0.000000 0.000000 0.202153 0.000000 0.000000 0.000000 0.000000 0.203606 0.034827
            0.000000  0.025322  0.000000
 0.000000 0.000000 0.189406 0.000000 0.000000 0.000000 0.000000 0.195588 0.033032
            0.000000  0.030387  0.000000
 0.000000 0.000000 0.177854 0.000000 0.000000 0.000000 0.000000 0.187967 0.031268
            0.000000  0.035451  0.000000
 0.000000 0.000000 0.167343 0.000000 0.000000 0.000000 0.000000 0.180735 0.029541
            0.000000  0.040516  0.000000
 0.000000 0.000000 0.157746 0.000000 0.000000 0.000000 0.000000 0.173881 0.027858
            0.000000  0.045580  0.000000
 0.000000 0.000000 0.148955 0.000000 0.000000 0.000000 0.000000 0.167392 0.026223
            0.000000  0.050645  0.000000
 0.000000 0.000000 0.140880 0.000000 0.000000 0.000000 0.000000 0.161255 0.024641
            0.000000  0.055709  0.000000
 0.000000 0.000000 0.133444 0.000000 0.000000 0.000000 0.000000 0.155457 0.023118
            0.000000  0.060774  0.000000
 0.000000 0.000000 0.126580 0.000000 0.000000 0.000000 0.000000 0.149982 0.021656
            0.000000  0.065838  0.000000
 0.000000 0.000000 0.120232 0.000000 0.000000 0.000000 0.000000 0.144818 0.020261
            0.000000  0.070903  0.000000
 0.000000 0.000000 0.114350 0.000000 0.000000 0.000000 0.000000 0.139950 0.018934
            0.000000  0.075967  0.000000
 0.000000 0.000000 0.108892 0.000000 0.000000 0.000000 0.000000 0.135364 0.017680
            0.000000  0.081032  0.000000
 0.000000 0.000000 0.103819 0.000000 0.000000 0.000000 0.000000 0.131045 0.016499
            0.000000  0.086096  0.000000
 0.000000 0.000000 0.099097 0.000000 0.000000 0.000000 0.000000 0.126980 0.015395
            0.000000  0.091161  0.000000
 0.000000 0.000000 0.094696 0.000000 0.000000 0.000000 0.000000 0.123153 0.014368
            0.000000  0.096225  0.000000
 0.000000 0.000000 0.090587 0.000000 0.000000 0.000000 0.000000 0.119550 0.013420
            0.000000  0.101290  0.000000
 0.000000 0.000000 0.086747 0.000000 0.000000 0.000000 0.000000 0.116157 0.012553
            0.000000  0.106354  0.000000
 0.000000 0.000000 0.083151 0.000000 0.000000 0.000000 0.000000 0.112959 0.011766
            0.000000  0.111418  0.000000
 0.000000 0.000000 0.079779 0.000000 0.000000 0.000000 0.000000 0.109942 0.011062
            0.000000  0.116483  0.000000
 0.000000 0.000000 0.076610 0.000000 0.000000 0.000000 0.000000 0.107092 0.010441
            0.000000  0.121547  0.000000
 0.000000 0.000000 0.073628 0.000000 0.000000 0.000000 0.000000 0.104395 0.009903
            0.000000  0.126612  0.000000
 0.000000 0.000000 0.070816 0.000000 0.000000 0.000000 0.000000 0.101839 0.009450
            0.000000  0.131676  0.000000
 0.000000 0.000000 0.068157 0.000000 0.000000 0.000000 0.000000 0.099411 0.009083
            0.000000  0.136741  0.000000
 0.000000 0.000000 0.065640 0.000000 0.000000 0.000000 0.000000 0.097098 0.008803
            0.000000  0.141805  0.000000
 0.000000 0.000000 0.063249 0.000000 0.000000 0.000000 0.000000 0.094890 0.008609
            0.000000  0.146870  0.000000
 0.000000 0.000000 0.060974 0.000000 0.000000 0.000000 0.000000 0.092776 0.008502
            0.000000  0.151934  0.000000
 0.000000 0.000000 0.058805 0.000000 0.000000 0.000000 0.000000 0.090744 0.008482
            0.000000  0.156999  0.000000
 0.000000 0.000000 0.056732 0.000000 0.000000 0.000000 0.000000 0.088786 0.008548
            0.000000  0.162063  0.000000
 0.000000 0.000000 0.054746 0.000000 0.000000 0.000000 0.000000 0.086893 0.008701
            0.000000  0.167128  0.000000
 0.000000 0.000000 0.052840 0.000000 0.000000 0.000000 0.000000 0.085056 0.008940
            0.000000  0.172192  0.000000
 0.000000 0.000000 0.051007 0.000000 0.000000 0.000000 0.000000 0.083266 0.009267
            0.000000  0.177257  0.000000
 0.000000 0.000000 0.049242 0.000000 0.000000 0.000000 0.000000 0.081517 0.009683
            0.000000  0.182321  0.000000
 0.000000 0.000000 0.047540 0.000000 0.000000 0.000000 0.000000 0.079800 0.010193
            0.000000  0.187386  0.000000
 0.000000 0.000000 0.045897 0.000000 0.000000 0.000000 0.000000 0.078109 0.010802
            0.000000  0.192450  0.000000
 0.000000 0.000000 0.044310 0.000000 0.000000 0.000000 0.000000 0.076433 0.011517
            0.000000  0.197515  0.000000
 0.000000 0.000000 0.042775 0.000000 0.000000 0.000000 0.000000 0.074766 0.012350
            0.000000  0.202579  0.000000
 0.000000 0.000000 0.041290 0.000000 0.000000 0.000000 0.000000 0.073096 0.013313
            0.000000  0.207644  0.000000
 0.000000 0.000000 0.039855 0.000000 0.000000 0.000000 0.000000 0.071411 0.014421
            0.000000  0.212708  0.000000
 0.000000 0.000000 0.038467 0.000000 0.000000 0.000000 0.000000 0.069697 0.015693
            0.000000  0.217772  0.000000
 0.000000 0.000000 0.037126 0.000000 0.000000 0.000000 0.000000 0.067934 0.017146
            0.000000  0.222837  0.000000
 0.000000 0.000000 0.035830 0.000000 0.000000 0.000000 0.000000 0.066098 0.018799
            0.000000  0.227901  0.000000
 0.000000 0.000000 0.034579 0.000000 0.000000 0.000000 0.000000 0.064163 0.020666
            0.000000  0.232966  0.000000
 0.000000 0.000000 0.033373 0.000000 0.000000 0.000000 0.000000 0.062096 0.022752
            0.000000  0.238030  0.000000
 0.000000 0.000000 0.032212 0.000000 0.000000 0.000000 0.000000 0.059864 0.025043
            0.000000  0.243095  0.000000
 0.000000 0.000000 0.031093 0.000000 0.000000 0.000000 0.000000 0.057440 0.027501
            0.000000  0.248159  0.000000
 0.000000 0.000000 0.030018 0.000000 0.000000 0.000000 0.000000 0.054813 0.030056
            0.000000  0.253224  0.000000
 0.000000 0.000000 0.028984 0.000000 0.000000 0.000000 0.000000 0.051998 0.032607
            0.000000  0.258288  0.000000
 0.000000 0.000000 0.027992 0.000000 0.000000 0.000000 0.000000 0.049047 0.035035
            0.000000  0.263353  0.000000
 0.000000 0.000000 0.027039 0.000000 0.000000 0.000000 0.000000 0.046044 0.037226
            0.000000  0.268417  0.000000
 0.000000 0.000000 0.026126 0.000000 0.000000 0.000000 0.000000 0.043087 0.039096
            0.000000  0.273482  0.000000
 0.000000 0.000000 0.025249 0.000000 0.000000 0.000000 0.000000 0.040269 0.040603
            0.000000  0.278546  0.000000
 0.000000 0.000000 0.024408 0.000000 0.000000 0.000000 0.000000 0.037660 0.041749
            0.000000  0.283611  0.000000
 0.000000 0.000000 0.023601 0.000000 0.000000 0.000000 0.000000 0.035302 0.042565
            0.000000  0.288675  0.000000
 0.000000 0.000000 0.022827 0.000000 0.000000 0.000000 0.000000 0.033207 0.043096
            0.000000  0.293740  0.000000
 0.000000 0.000000 0.022083 0.000000 0.000000 0.000000 0.000000 0.031371 0.043392
            0.000000  0.298804  0.000000
 0.000000 0.000000 0.021367 0.000000 0.000000 0.000000 0.000000 0.029776 0.043499
            0.000000  0.303869  0.000000
 0.000000 0.000000 0.020678 0.000000 0.000000 0.000000 0.000000 0.028400 0.043456
            0.000000  0.308933  0.000000
 0.000000 0.000000 0.020014 0.000000 0.000000 0.000000 0.000000 0.027220 0.043297
            0.000000  0.313998  0.000000
 0.000000 0.000000 0.019374 0.000000 0.000000 0.000000 0.000000 0.026212 0.043046
            0.000000  0.319062  0.000000
 0.000000 0.000000 0.018755 0.000000 0.000000 0.000000 0.000000 0.025356 0.042726
            0.000000  0.324126  0.000000
 0.000000 0.000000 0.018157 0.000000 0.000000 0.000000 0.000000 0.024633 0.042351
            0.000000  0.329191  0.000000
 0.000000 0.000000 0.017577 0.000000 0.000000 0.000000 0.000000 0.024026 0.041936
            0.000000  0.334255  0.000000
 0.000000 0.000000 0.017016 0.000000 0.000000 0.000000 0.000000 0.023523 0.041488
            0.000000  0.339320  0.000000
 0.000000 0.000000 0.016471 0.000000 0.000000 0.000000 0.000000 0.023111 0.041017
            0.000000  0.344384  0.000000
 0.000000 0.000000 0.015942 0.000000 0.000000 0.000000 0.000000 0.022780 0.040528
            0.000000  0.349449  0.000000
 0.000000 0.000000 0.015429 0.000000 0.000000 0.000000 0.000000 0.022521 0.040027
            0.000000  0.354513  0.000000
 0.000000 0.000000 0.014930 0.000000 0.000000 0.000000 0.000000 0.022328 0.039518
            0.000000  0.359578  0.000000
 0.000000 0.000000 0.014445 0.000000 0.000000 0.000000 0.000000 0.022193 0.039004
            0.000000  0.364642  0.000000
 0.000000 0.000000 0.013973 0.000000 0.000000 0.000000 0.000000 0.022111 0.038488
            0.000000  0.369707  0.000000
 0.000000 0.000000 0.013515 0.000000 0.000000 0.000000 0.000000 0.022076 0.037973
            0.000000  0.374771  0.000000
 0.000000 0.000000 0.013068 0.000000 0.000000 0.000000 0.000000 0.022085 0.037460
            0.000000  0.379836  0.000000
 0.000000 0.000000 0.012634 0.000000 0.000000 0.000000 0.000000 0.022133 0.036952
            0.000000  0.384900  0.000000
 0.000000 0.000000 0.012210 0.000000 0.000000 0.000000 0.000000 0.022216 0.036451
            0.000000  0.389965  0.000000
 0.000000 0.000000 0.011798 0.000000 0.000000 0.000000 0.000000 0.022331 0.035956
            0.000000  0.395029  0.000000
 0.000000 0.000000 0.011396 0.000000 0.000000 0.000000 0.000000 0.022476 0.035471
            0.000000  0.400094  0.000000
 0.000000 0.000000 0.011003 0.000000 0.000000 0.000000 0.000000 0.022647 0.034995
            0.000000  0.405158  0.000000
 0.000000 0.000000 0.010620 0.000000 0.000000 0.000000 0.000000 0.022840 0.034529
            0.000000  0.410223  0.000000
 0.000000 0.000000 0.010244 0.000000 0.000000 0.000000 0.000000 0.023055 0.034074
            0.000000  0.415287  0.000000
 0.000000 0.000000 0.009876 0.000000 0.000000 0.000000 0.000000 0.023288 0.033631
            0.000000  0.420352  0.000000
 0.000000 0.000000 0.009515 0.000000 0.000000 0.000000 0.000000 0.023536 0.033200
            0.000000  0.425416  0.000000
 0.000000 0.000000 0.009160 0.000000 0.000000 0.000000 0.000000 0.023798 0.032780
            0.000000  0.430480  0.000000
 0.000000 0.000000 0.008810 0.000000 0.000000 0.000000 0.000000 0.024071 0.032373
            0.000000  0.435545  0.000000
 0.000000 0.000000 0.008465 0.000000 0.000000 0.000000 0.000000 0.024353 0.031979
            0.000000  0.440609  0.000000
 0.000000 0.000000 0.008124 0.000000 0.000000 0.000000 0.000000 0.024643 0.031597
            0.000000  0.445674  0.000000
 0.000000 0.000000 0.007787 0.000000 0.000000 0.000000 0.000000 0.024938 0.031228
            0.000000  0.450738  0.000000
 0.000000 0.000000 0.007453 0.000000 0.000000 0.000000 0.000000 0.025236 0.030872
            0.000000  0.455803  0.000000
 0.000000 0.000000 0.007122 0.000000 0.000000 0.000000 0.000000 0.025536 0.030528
            0.000000  0.460867  0.000000
 0.000000 0.000000 0.006793 0.000000 0.000000 0.000000 0.000000 0.025836 0.030198
            0.000000  0.465932  0.000000
 0.000000 0.000000 0.006468 0.000000 0.000000 0.000000 0.000000 0.026135 0.029882
            0.000000  0.470996  0.000000
 0.000000 0.000000 0.006144 0.000000 0.000000 0.000000 0.000000 0.026432 0.029578
            0.000000  0.476061  0.000000
 0.000000 0.000000 0.005824 0.000000 0.000000 0.000000 0.000000 0.026724 0.029289
            0.000000  0.481125  0.000000
 0.000000 0.000000 0.005506 0.000000 0.000000 0.000000 0.000000 0.027010 0.029013
            0.000000  0.486190  0.000000
 0.000000 0.000000 0.005190 0.000000 0.000000 0.000000 0.000000 0.027290 0.028752
            0.000000  0.491254  0.000000
 0.000000 0.000000 0.004878 0.000000 0.000000 0.000000 0.000000 0.027563 0.028505
            0.000000  0.496319  0.000000
 0.000000 0.000000 0.004569 0.000000 0.000000 0.000000 0.000000 0.027826 0.028273
            0.000000  0.501383  0.000000
 0.000000 0.000000 0.004262 0.000000 0.000000 0.000000 0.000000 0.028080 0.028055
            0.000000  0.506448  0.000000
 0.000000 0.000000 0.003960 0.000000 0.000000 0.000000 0.000000 0.028323 0.027852
            0.000000  0.511512  0.000000
 0.000000 0.000000 0.003661 0.000000 0.000000 0.000000 0.000000 0.028554 0.027665
            0.000000  0.516577  0.000000
 0.000000 0.000000 0.003366 0.000000 0.000000 0.000000 0.000000 0.028772 0.027493
            0.000000  0.521641  0.000000
 0.000000 0.000000 0.003074 0.000000 0.000000 0.000000 0.000000 0.028976 0.027335
            0.000000  0.526706  0.000000
 0.000000 0.000000 0.002786 0.000000 0.000000 0.000000 0.000000 0.029166 0.027193
            0.000000  0.531770  0.000000
 0.000000 0.000000 0.002503 0.000000 0.000000 0.000000 0.000000 0.029341 0.027065
            0.000000  0.536834  0.000000
 0.000000 0.000000 0.002223 0.000000 0.000000 0.000000 0.000000 0.029500 0.026951
            0.000000  0.541899  0.000000
 0.000000 0.000000 0.001947 0.000000 0.000000 0.000000 0.000000 0.029642 0.026852
            0.000000  0.546963  0.000000
 0.000000 0.000000 0.001676 0.000000 0.000000 0.000000 0.000000 0.029766 0.026767
            0.000000  0.552028  0.000000
 0.000000 0.000000 0.001410 0.000000 0.000000 0.000000 0.000000 0.029872 0.026696
            0.000000  0.557092  0.000000
 0.000000 0.000000 0.001150 0.000000 0.000000 0.000000 0.000000 0.029960 0.026638
            0.000000  0.562157  0.000000
 0.000000 0.000000 0.000899 0.000000 0.000000 0.000000 0.000000 0.030028 0.026594
            0.000000  0.567221  0.000000
 0.000000 0.000000 0.000667 0.000000 0.000000 0.000000 0.000000 0.030078 0.026562
            0.000000  0.572286  0.000000
 0.000000 0.000000 0.000476 0.000000 0.000000 0.000000 0.000000 0.030107 0.026543
            0.000000  0.577350  0.000000
 0.000000 0.000000 0.000393 0.000000 0.000000 0.000000 0.000000 0.030117 0.026536
