 &plot nbnd=   9, nks=   248 /
            0.333333  0.577350  0.000000
 0.000000 0.000000 0.008321 0.000000 0.000000 0.000000 0.026804 0.000000 0.000000
            0.330808  0.572976  0.000000
 0.000000 0.000000 0.008302 0.000000 0.000191 0.001056 0.026791 0.000000 0.000397
            0.328283  0.568603  0.000000
 0.000000 0.000000 0.008255 0.000000 0.000350 0.002109 0.026755 0.000000 0.000808
            0.325758  0.564229  0.000000
 0.000000 0.000000 0.008180 0.000000 0.000477 0.003151 0.026695 0.000000 0.001232
            0.323232  0.559855  0.000000
 0.000000 0.000000 0.008079 0.000000 0.000575 0.004177 0.026614 0.000000 0.001666
            0.320707  0.555481  0.000000
 0.000000 0.000000 0.007955 0.000000 0.000645 0.005181 0.026511 0.000000 0.002109
            0.318182  0.551107  0.000000
 0.000000 0.000000 0.007810 0.000000 0.000689 0.006157 0.026389 0.000000 0.002559
            0.315657  0.546733  0.000000
 0.000000 0.000000 0.007648 0.000000 0.000709 0.007102 0.026248 0.000000 0.003015
            0.313131  0.542359  0.000000
 0.000000 0.000000 0.007472 0.000000 0.000706 0.008014 0.026091 0.000000 0.003474
            0.310606  0.537985  0.000000
 0.000000 0.000000 0.007286 0.000000 0.000682 0.008890 0.025919 0.000000 0.003935
            0.308081  0.533612  0.000000
 0.000000 0.000000 0.007092 0.000000 0.000638 0.009729 0.025735 0.000000 0.004396
            0.305556  0.529238  0.000000
 0.000000 0.000000 0.006893 0.000000 0.000575 0.010532 0.025541 0.000000 0.004855
            0.303030  0.524864  0.000000
 0.000000 0.000000 0.006694 0.000000 0.000495 0.011300 0.025338 0.000000 0.005312
            0.300505  0.520490  0.000000
 0.000000 0.000000 0.006495 0.000000 0.000399 0.012033 0.025128 0.000000 0.005763
            0.297980  0.516116  0.000000
 0.000000 0.000000 0.006300 0.000000 0.000287 0.012734 0.024913 0.000000 0.006209
            0.295455  0.511742  0.000000
 0.000000 0.000000 0.006110 0.000000 0.000160 0.013404 0.024694 0.000000 0.006648
            0.292929  0.507368  0.000000
 0.000000 0.000000 0.005927 0.000000 0.000023 0.014046 0.024473 0.000000 0.007079
            0.290404  0.502995  0.000000
 0.000000 0.000000 0.005751 0.000000 0.000139 0.014662 0.024251 0.000000 0.007501
            0.287879  0.498621  0.000000
 0.000000 0.000000 0.005584 0.000000 0.000306 0.015254 0.024029 0.000000 0.007914
            0.285354  0.494247  0.000000
 0.000000 0.000000 0.005425 0.000000 0.000487 0.015826 0.023807 0.000000 0.008316
            0.282828  0.489873  0.000000
 0.000000 0.000000 0.005276 0.000000 0.000679 0.016378 0.023587 0.000000 0.008708
            0.280303  0.485499  0.000000
 0.000000 0.000000 0.005135 0.000000 0.000883 0.016913 0.023368 0.000000 0.009090
            0.277778  0.481125  0.000000
 0.000000 0.000000 0.005004 0.000000 0.001097 0.017433 0.023152 0.000000 0.009460
            0.275253  0.476751  0.000000
 0.000000 0.000000 0.004882 0.000000 0.001322 0.017939 0.022938 0.000000 0.009819
            0.272727  0.472377  0.000000
 0.000000 0.000000 0.004767 0.000000 0.001557 0.018434 0.022727 0.000000 0.010167
            0.270202  0.468004  0.000000
 0.000000 0.000000 0.004660 0.000000 0.001801 0.018918 0.022518 0.000000 0.010504
            0.267677  0.463630  0.000000
 0.000000 0.000000 0.004561 0.000000 0.002054 0.019393 0.022312 0.000000 0.010830
            0.265152  0.459256  0.000000
 0.000000 0.000000 0.004467 0.000000 0.002317 0.019860 0.022108 0.000000 0.011146
            0.262626  0.454882  0.000000
 0.000000 0.000000 0.004380 0.000000 0.002588 0.020320 0.021906 0.000000 0.011452
            0.260101  0.450508  0.000000
 0.000000 0.000000 0.004298 0.000000 0.002867 0.020775 0.021705 0.000000 0.011749
            0.257576  0.446134  0.000000
 0.000000 0.000000 0.004220 0.000000 0.003154 0.021227 0.021506 0.000000 0.012038
            0.255051  0.441760  0.000000
 0.000000 0.000000 0.004147 0.000000 0.003449 0.021675 0.021308 0.000000 0.012321
            0.252525  0.437387  0.000000
 0.000000 0.000000 0.004077 0.000000 0.003751 0.022122 0.021110 0.000000 0.012597
            0.250000  0.433013  0.000000
 0.000000 0.000000 0.004010 0.000000 0.004061 0.022569 0.020913 0.000000 0.012869
            0.247475  0.428639  0.000000
 0.000000 0.000000 0.003945 0.000000 0.004377 0.023019 0.020715 0.000000 0.013137
            0.244949  0.424265  0.000000
 0.000000 0.000000 0.003883 0.000000 0.004701 0.023471 0.020517 0.000000 0.013404
            0.242424  0.419891  0.000000
 0.000000 0.000000 0.003822 0.000000 0.005031 0.023929 0.020319 0.000000 0.013671
            0.239899  0.415517  0.000000
 0.000000 0.000000 0.003761 0.000000 0.005368 0.024393 0.020119 0.000000 0.013940
            0.237374  0.411143  0.000000
 0.000000 0.000000 0.003702 0.000000 0.005711 0.024866 0.019917 0.000000 0.014211
            0.234848  0.406770  0.000000
 0.000000 0.000000 0.003643 0.000000 0.006061 0.025349 0.019714 0.000000 0.014488
            0.232323  0.402396  0.000000
 0.000000 0.000000 0.003583 0.000000 0.006417 0.025845 0.019509 0.000000 0.014770
            0.229798  0.398022  0.000000
 0.000000 0.000000 0.003523 0.000000 0.006779 0.026354 0.019301 0.000000 0.015060
            0.227273  0.393648  0.000000
 0.000000 0.000000 0.003462 0.000000 0.007148 0.026877 0.019091 0.000000 0.015358
            0.224747  0.389274  0.000000
 0.000000 0.000000 0.003399 0.000000 0.007523 0.027417 0.018877 0.000000 0.015665
            0.222222  0.384900  0.000000
 0.000000 0.000000 0.003334 0.000000 0.007905 0.027974 0.018660 0.000000 0.015983
            0.219697  0.380526  0.000000
 0.000000 0.000000 0.003266 0.000000 0.008293 0.028548 0.018439 0.000000 0.016312
            0.217172  0.376152  0.000000
 0.000000 0.000000 0.003195 0.000000 0.008688 0.029140 0.018214 0.000000 0.016652
            0.214646  0.371779  0.000000
 0.000000 0.000000 0.003121 0.000000 0.009091 0.029749 0.017983 0.000000 0.017004
            0.212121  0.367405  0.000000
 0.000000 0.000000 0.003042 0.000000 0.009503 0.030376 0.017747 0.000000 0.017366
            0.209596  0.363031  0.000000
 0.000000 0.000000 0.002959 0.000000 0.009923 0.031019 0.017506 0.000000 0.017740
            0.207071  0.358657  0.000000
 0.000000 0.000000 0.002870 0.000000 0.010354 0.031678 0.017257 0.000000 0.018124
            0.204545  0.354283  0.000000
 0.000000 0.000000 0.002776 0.000000 0.010795 0.032350 0.017002 0.000000 0.018517
            0.202020  0.349909  0.000000
 0.000000 0.000000 0.002676 0.000000 0.011250 0.033034 0.016740 0.000000 0.018921
            0.199495  0.345535  0.000000
 0.000000 0.000000 0.002570 0.000000 0.011719 0.033728 0.016470 0.000000 0.019332
            0.196970  0.341162  0.000000
 0.000000 0.000000 0.002457 0.000000 0.012205 0.034429 0.016192 0.000000 0.019752
            0.194444  0.336788  0.000000
 0.000000 0.000000 0.002337 0.000000 0.012711 0.035135 0.015905 0.000000 0.020179
            0.191919  0.332414  0.000000
 0.000000 0.000000 0.002212 0.000000 0.013240 0.035841 0.015610 0.000000 0.020614
            0.189394  0.328040  0.000000
 0.000000 0.000000 0.002079 0.000000 0.013796 0.036546 0.015306 0.000000 0.021055
            0.186869  0.323666  0.000000
 0.000000 0.000000 0.001941 0.000000 0.014384 0.037245 0.014994 0.000000 0.021504
            0.184343  0.319292  0.000000
 0.000000 0.000000 0.001797 0.000000 0.015010 0.037935 0.014673 0.000000 0.021960
            0.181818  0.314918  0.000000
 0.000000 0.000000 0.001647 0.000000 0.015680 0.038611 0.014345 0.000000 0.022424
            0.179293  0.310544  0.000000
 0.000000 0.000000 0.001494 0.000000 0.016402 0.039269 0.014009 0.000000 0.022898
            0.176768  0.306171  0.000000
 0.000000 0.000000 0.001336 0.000000 0.017187 0.039902 0.013667 0.000000 0.023384
            0.174242  0.301797  0.000000
 0.000000 0.000000 0.001177 0.000000 0.018046 0.040503 0.013318 0.000000 0.023882
            0.171717  0.297423  0.000000
 0.000000 0.000000 0.001015 0.000000 0.018994 0.041065 0.012965 0.000000 0.024396
            0.169192  0.293049  0.000000
 0.000000 0.000000 0.000853 0.000000 0.020046 0.041577 0.012608 0.000000 0.024928
            0.166667  0.288675  0.000000
 0.000000 0.000000 0.000691 0.000000 0.021223 0.042025 0.012248 0.000000 0.025481
            0.164141  0.284301  0.000000
 0.000000 0.000000 0.000532 0.000000 0.022547 0.042391 0.011887 0.000000 0.026059
            0.161616  0.279927  0.000000
 0.000000 0.000000 0.000375 0.000000 0.024046 0.042653 0.011526 0.000000 0.026665
            0.159091  0.275554  0.000000
 0.000000 0.000000 0.000223 0.000000 0.025749 0.042779 0.011165 0.000000 0.027303
            0.156566  0.271180  0.000000
 0.000000 0.000000 0.000083 0.000000 0.027687 0.042731 0.010807 0.000000 0.027977
            0.154040  0.266806  0.000000
 0.000000 0.000000 0.000087 0.000000 0.029888 0.042461 0.010452 0.000000 0.028689
            0.151515  0.262432  0.000000
 0.000000 0.000000 0.000216 0.000000 0.032374 0.041912 0.010101 0.000000 0.029444
            0.148990  0.258058  0.000000
 0.000000 0.000000 0.000344 0.000000 0.035148 0.041025 0.009756 0.000000 0.030244
            0.146465  0.253684  0.000000
 0.000000 0.000000 0.000466 0.000000 0.038183 0.039747 0.009417 0.000000 0.031094
            0.143939  0.249310  0.000000
 0.000000 0.000000 0.000580 0.000000 0.041417 0.038052 0.009085 0.000000 0.031995
            0.141414  0.244936  0.000000
 0.000000 0.000000 0.000686 0.000000 0.044747 0.035961 0.008760 0.000000 0.032951
            0.138889  0.240563  0.000000
 0.000000 0.000000 0.000783 0.000000 0.048053 0.033550 0.008443 0.000000 0.033962
            0.136364  0.236189  0.000000
 0.000000 0.000000 0.000873 0.000000 0.051223 0.030945 0.008133 0.000000 0.035030
            0.133838  0.231815  0.000000
 0.000000 0.000000 0.000954 0.000000 0.054183 0.028290 0.007832 0.000000 0.036157
            0.131313  0.227441  0.000000
 0.000000 0.000000 0.001028 0.000000 0.056903 0.025714 0.007539 0.000000 0.037342
            0.128788  0.223067  0.000000
 0.000000 0.000000 0.001094 0.000000 0.059395 0.023308 0.007253 0.000000 0.038587
            0.126263  0.218693  0.000000
 0.000000 0.000000 0.001152 0.000000 0.061691 0.021121 0.006975 0.000000 0.039889
            0.123737  0.214319  0.000000
 0.000000 0.000000 0.001204 0.000000 0.063832 0.019170 0.006704 0.000000 0.041250
            0.121212  0.209946  0.000000
 0.000000 0.000000 0.001248 0.000000 0.065858 0.017451 0.006439 0.000000 0.042666
            0.118687  0.205572  0.000000
 0.000000 0.000000 0.001287 0.000000 0.067803 0.015945 0.006181 0.000000 0.044138
            0.116162  0.201198  0.000000
 0.000000 0.000000 0.001319 0.000000 0.069693 0.014632 0.005928 0.000000 0.045663
            0.113636  0.196824  0.000000
 0.000000 0.000000 0.001346 0.000000 0.071549 0.013488 0.005680 0.000000 0.047240
            0.111111  0.192450  0.000000
 0.000000 0.000000 0.001367 0.000000 0.073387 0.012494 0.005437 0.000000 0.048867
            0.108586  0.188076  0.000000
 0.000000 0.000000 0.001382 0.000000 0.075218 0.011629 0.005198 0.000000 0.050544
            0.106061  0.183702  0.000000
 0.000000 0.000000 0.001393 0.000000 0.077053 0.010879 0.004962 0.000000 0.052268
            0.103535  0.179328  0.000000
 0.000000 0.000000 0.001399 0.000000 0.078899 0.010231 0.004730 0.000000 0.054041
            0.101010  0.174955  0.000000
 0.000000 0.000000 0.001399 0.000000 0.080761 0.009673 0.004501 0.000000 0.055861
            0.098485  0.170581  0.000000
 0.000000 0.000000 0.001395 0.000000 0.082646 0.009197 0.004274 0.000000 0.057730
            0.095960  0.166207  0.000000
 0.000000 0.000000 0.001386 0.000000 0.084560 0.008798 0.004050 0.000000 0.059649
            0.093434  0.161833  0.000000
 0.000000 0.000000 0.001372 0.000000 0.086509 0.008468 0.003830 0.000000 0.061621
            0.090909  0.157459  0.000000
 0.000000 0.000000 0.001354 0.000000 0.088498 0.008205 0.003612 0.000000 0.063649
            0.088384  0.153085  0.000000
 0.000000 0.000000 0.001332 0.000000 0.090536 0.008007 0.003397 0.000000 0.065738
            0.085859  0.148711  0.000000
 0.000000 0.000000 0.001306 0.000000 0.092629 0.007870 0.003185 0.000000 0.067894
            0.083333  0.144338  0.000000
 0.000000 0.000000 0.001276 0.000000 0.094788 0.007795 0.002977 0.000000 0.070122
            0.080808  0.139964  0.000000
 0.000000 0.000000 0.001243 0.000000 0.097021 0.007781 0.002774 0.000000 0.072431
            0.078283  0.135590  0.000000
 0.000000 0.000000 0.001207 0.000000 0.099339 0.007828 0.002575 0.000000 0.074828
            0.075758  0.131216  0.000000
 0.000000 0.000000 0.001168 0.000000 0.101754 0.007936 0.002381 0.000000 0.077324
            0.073232  0.126842  0.000000
 0.000000 0.000000 0.001127 0.000000 0.104278 0.008107 0.002193 0.000000 0.079928
            0.070707  0.122468  0.000000
 0.000000 0.000000 0.001085 0.000000 0.106925 0.008340 0.002012 0.000000 0.082652
            0.068182  0.118094  0.000000
 0.000000 0.000000 0.001041 0.000000 0.109710 0.008638 0.001837 0.000000 0.085508
            0.065657  0.113721  0.000000
 0.000000 0.000000 0.000996 0.000000 0.112647 0.009002 0.001670 0.000000 0.088507
            0.063131  0.109347  0.000000
 0.000000 0.000000 0.000951 0.000000 0.115754 0.009433 0.001512 0.000000 0.091664
            0.060606  0.104973  0.000000
 0.000000 0.000000 0.000906 0.000000 0.119047 0.009933 0.001362 0.000000 0.094992
            0.058081  0.100599  0.000000
 0.000000 0.000000 0.000861 0.000000 0.122545 0.010502 0.001221 0.000000 0.098505
            0.055556  0.096225  0.000000
 0.000000 0.000000 0.000815 0.000000 0.126268 0.011143 0.001090 0.000000 0.102218
            0.053030  0.091851  0.000000
 0.000000 0.000000 0.000771 0.000000 0.130236 0.011857 0.000970 0.000000 0.106146
            0.050505  0.087477  0.000000
 0.000000 0.000000 0.000726 0.000000 0.134471 0.012644 0.000861 0.000000 0.110305
            0.047980  0.083103  0.000000
 0.000000 0.000000 0.000683 0.000000 0.138997 0.013505 0.000764 0.000000 0.114710
            0.045455  0.078730  0.000000
 0.000000 0.000000 0.000639 0.000000 0.143838 0.014442 0.000679 0.000000 0.119378
            0.042929  0.074356  0.000000
 0.000000 0.000000 0.000597 0.000000 0.149022 0.015453 0.000607 0.000000 0.124324
            0.040404  0.069982  0.000000
 0.000000 0.000000 0.000555 0.000000 0.154577 0.016539 0.000547 0.000000 0.129565
            0.037879  0.065608  0.000000
 0.000000 0.000000 0.000514 0.000000 0.160535 0.017700 0.000498 0.000000 0.135120
            0.035354  0.061234  0.000000
 0.000000 0.000000 0.000473 0.000000 0.166930 0.018934 0.000460 0.000000 0.141004
            0.032828  0.056860  0.000000
 0.000000 0.000000 0.000434 0.000000 0.173803 0.020239 0.000429 0.000000 0.147238
            0.030303  0.052486  0.000000
 0.000000 0.000000 0.000395 0.000000 0.181195 0.021614 0.000404 0.000000 0.153840
            0.027778  0.048113  0.000000
 0.000000 0.000000 0.000358 0.000000 0.189155 0.023056 0.000381 0.000000 0.160833
            0.025253  0.043739  0.000000
 0.000000 0.000000 0.000321 0.000000 0.197740 0.024562 0.000360 0.000000 0.168238
            0.022727  0.039365  0.000000
 0.000000 0.000000 0.000285 0.000000 0.207014 0.026129 0.000337 0.000000 0.176081
            0.020202  0.034991  0.000000
 0.000000 0.000000 0.000251 0.000000 0.217050 0.027752 0.000312 0.000000 0.184390
            0.017677  0.030617  0.000000
 0.000000 0.000000 0.000217 0.000000 0.227935 0.029428 0.000283 0.000000 0.193197
            0.015152  0.026243  0.000000
 0.000000 0.000000 0.000184 0.000000 0.239771 0.031151 0.000252 0.000000 0.202538
            0.012626  0.021869  0.000000
 0.000000 0.000000 0.000152 0.000000 0.252678 0.032916 0.000216 0.000000 0.212454
            0.010101  0.017495  0.000000
 0.000000 0.000000 0.000121 0.000000 0.266798 0.034717 0.000178 0.000000 0.222994
            0.007576  0.013122  0.000000
 0.000000 0.000000 0.000090 0.000000 0.282305 0.036548 0.000136 0.000000 0.234213
            0.005051  0.008748  0.000000
 0.000000 0.000000 0.000060 0.000000 0.299403 0.038402 0.000092 0.000000 0.246176
            0.002525  0.004374  0.000000
 0.000000 0.000000 0.000030 0.000000 0.318345 0.040272 0.000046 0.000000 0.258956
            0.000253  0.000437  0.000000
 0.000000 0.000000 0.000003 0.000000 0.337224 0.041961 0.000005 0.000000 0.271230
            0.000000  0.000506  0.000000
 0.000000 0.000000 0.000000 0.000000 0.337219 0.041961 0.000000 0.000000 0.271229
            0.000000  0.005064  0.000000
 0.000000 0.000000 0.000000 0.000000 0.318306 0.040267 0.000000 0.000000 0.258943
            0.000000  0.010129  0.000000
 0.000000 0.000000 0.000000 0.000000 0.299331 0.038391 0.000000 0.000000 0.246151
            0.000000  0.015193  0.000000
 0.000000 0.000000 0.000000 0.000000 0.282205 0.036530 0.000000 0.000000 0.234177
            0.000000  0.020258  0.000000
 0.000000 0.000000 0.000000 0.000000 0.266675 0.034693 0.000000 0.000000 0.222947
            0.000000  0.025322  0.000000
 0.000000 0.000000 0.000000 0.000000 0.252535 0.032885 0.000000 0.000000 0.212396
            0.000000  0.030387  0.000000
 0.000000 0.000000 0.000000 0.000000 0.239612 0.031115 0.000000 0.000000 0.202468
            0.000000  0.035451  0.000000
 0.000000 0.000000 0.000000 0.000000 0.227763 0.029387 0.000000 0.000000 0.193116
            0.000000  0.040516  0.000000
 0.000000 0.000000 0.000000 0.000000 0.216868 0.027708 0.000000 0.000000 0.184297
            0.000000  0.045580  0.000000
 0.000000 0.000000 0.000000 0.000000 0.206825 0.026084 0.000000 0.000000 0.175975
            0.000000  0.050645  0.000000
 0.000000 0.000000 0.000000 0.000000 0.197547 0.024518 0.000000 0.000000 0.168119
            0.000000  0.055709  0.000000
 0.000000 0.000000 0.000000 0.000000 0.188961 0.023015 0.000000 0.000000 0.160699
            0.000000  0.060774  0.000000
 0.000000 0.000000 0.000000 0.000000 0.181000 0.021578 0.000000 0.000000 0.153691
            0.000000  0.065838  0.000000
 0.000000 0.000000 0.000000 0.000000 0.173610 0.020212 0.000000 0.000000 0.147071
            0.000000  0.070903  0.000000
 0.000000 0.000000 0.000000 0.000000 0.166740 0.018919 0.000000 0.000000 0.140818
            0.000000  0.075967  0.000000
 0.000000 0.000000 0.000000 0.000000 0.160346 0.017700 0.000000 0.000000 0.134912
            0.000000  0.081032  0.000000
 0.000000 0.000000 0.000000 0.000000 0.154390 0.016558 0.000000 0.000000 0.129334
            0.000000  0.086096  0.000000
 0.000000 0.000000 0.000000 0.000000 0.148834 0.015495 0.000000 0.000000 0.124067
            0.000000  0.091161  0.000000
 0.000000 0.000000 0.000000 0.000000 0.143648 0.014511 0.000000 0.000000 0.119091
            0.000000  0.096225  0.000000
 0.000000 0.000000 0.000000 0.000000 0.138799 0.013606 0.000000 0.000000 0.114392
            0.000000  0.101290  0.000000
 0.000000 0.000000 0.000000 0.000000 0.134261 0.012783 0.000000 0.000000 0.109951
            0.000000  0.106354  0.000000
 0.000000 0.000000 0.000000 0.000000 0.130008 0.012040 0.000000 0.000000 0.105753
            0.000000  0.111418  0.000000
 0.000000 0.000000 0.000000 0.000000 0.126016 0.011379 0.000000 0.000000 0.101782
            0.000000  0.116483  0.000000
 0.000000 0.000000 0.000000 0.000000 0.122262 0.010798 0.000000 0.000000 0.098022
            0.000000  0.121547  0.000000
 0.000000 0.000000 0.000000 0.000000 0.118726 0.010300 0.000000 0.000000 0.094458
            0.000000  0.126612  0.000000
 0.000000 0.000000 0.000000 0.000000 0.115387 0.009883 0.000000 0.000000 0.091075
            0.000000  0.131676  0.000000
 0.000000 0.000000 0.000000 0.000000 0.112228 0.009548 0.000000 0.000000 0.087860
            0.000000  0.136741  0.000000
 0.000000 0.000000 0.000000 0.000000 0.109233 0.009295 0.000000 0.000000 0.084798
            0.000000  0.141805  0.000000
 0.000000 0.000000 0.000000 0.000000 0.106385 0.009122 0.000000 0.000000 0.081878
            0.000000  0.146870  0.000000
 0.000000 0.000000 0.000000 0.000000 0.103669 0.009031 0.000000 0.000000 0.079087
            0.000000  0.151934  0.000000
 0.000000 0.000000 0.000000 0.000000 0.101073 0.009020 0.000000 0.000000 0.076414
            0.000000  0.156999  0.000000
 0.000000 0.000000 0.000000 0.000000 0.098584 0.009089 0.000000 0.000000 0.073850
            0.000000  0.162063  0.000000
 0.000000 0.000000 0.000000 0.000000 0.096190 0.009237 0.000000 0.000000 0.071384
            0.000000  0.167128  0.000000
 0.000000 0.000000 0.000000 0.000000 0.093882 0.009465 0.000000 0.000000 0.069008
            0.000000  0.172192  0.000000
 0.000000 0.000000 0.000000 0.000000 0.091649 0.009772 0.000000 0.000000 0.066714
            0.000000  0.177257  0.000000
 0.000000 0.000000 0.000000 0.000000 0.089481 0.010161 0.000000 0.000000 0.064497
            0.000000  0.182321  0.000000
 0.000000 0.000000 0.000000 0.000000 0.087372 0.010633 0.000000 0.000000 0.062351
            0.000000  0.187386  0.000000
 0.000000 0.000000 0.000000 0.000000 0.085311 0.011192 0.000000 0.000000 0.060270
            0.000000  0.192450  0.000000
 0.000000 0.000000 0.000000 0.000000 0.083291 0.011843 0.000000 0.000000 0.058251
            0.000000  0.197515  0.000000
 0.000000 0.000000 0.000000 0.000000 0.081303 0.012593 0.000000 0.000000 0.056292
            0.000000  0.202579  0.000000
 0.000000 0.000000 0.000000 0.000000 0.079339 0.013449 0.000000 0.000000 0.054389
            0.000000  0.207644  0.000000
 0.000000 0.000000 0.000000 0.000000 0.077389 0.014422 0.000000 0.000000 0.052541
            0.000000  0.212708  0.000000
 0.000000 0.000000 0.000000 0.000000 0.075442 0.015521 0.000000 0.000000 0.050747
            0.000000  0.217772  0.000000
 0.000000 0.000000 0.000000 0.000000 0.073484 0.016759 0.000000 0.000000 0.049006
            0.000000  0.222837  0.000000
 0.000000 0.000000 0.000000 0.000000 0.071501 0.018147 0.000000 0.000000 0.047318
            0.000000  0.227901  0.000000
 0.000000 0.000000 0.000000 0.000000 0.069475 0.019694 0.000000 0.000000 0.045684
            0.000000  0.232966  0.000000
 0.000000 0.000000 0.000000 0.000000 0.067384 0.021406 0.000000 0.000000 0.044102
            0.000000  0.238030  0.000000
 0.000000 0.000000 0.000000 0.000000 0.065208 0.023282 0.000000 0.000000 0.042573
            0.000000  0.243095  0.000000
 0.000000 0.000000 0.000000 0.000000 0.062924 0.025309 0.000000 0.000000 0.041097
            0.000000  0.248159  0.000000
 0.000000 0.000000 0.000000 0.000000 0.060514 0.027458 0.000000 0.000000 0.039674
            0.000000  0.253224  0.000000
 0.000000 0.000000 0.000000 0.000000 0.057971 0.029681 0.000000 0.000000 0.038304
            0.000000  0.258288  0.000000
 0.000000 0.000000 0.000000 0.000000 0.055301 0.031911 0.000000 0.000000 0.036986
            0.000000  0.263353  0.000000
 0.000000 0.000000 0.000000 0.000000 0.052531 0.034070 0.000000 0.000000 0.035718
            0.000000  0.268417  0.000000
 0.000000 0.000000 0.000000 0.000000 0.049710 0.036077 0.000000 0.000000 0.034501
            0.000000  0.273482  0.000000
 0.000000 0.000000 0.000000 0.000000 0.046899 0.037861 0.000000 0.000000 0.033333
            0.000000  0.278546  0.000000
 0.000000 0.000000 0.000000 0.000000 0.044164 0.039375 0.000000 0.000000 0.032212
            0.000000  0.283611  0.000000
 0.000000 0.000000 0.000000 0.000000 0.041565 0.040600 0.000000 0.000000 0.031135
            0.000000  0.288675  0.000000
 0.000000 0.000000 0.000000 0.000000 0.039147 0.041539 0.000000 0.000000 0.030102
            0.000000  0.293740  0.000000
 0.000000 0.000000 0.000000 0.000000 0.036937 0.042214 0.000000 0.000000 0.029109
            0.000000  0.298804  0.000000
 0.000000 0.000000 0.000000 0.000000 0.034946 0.042656 0.000000 0.000000 0.028155
            0.000000  0.303869  0.000000
 0.000000 0.000000 0.000000 0.000000 0.033171 0.042901 0.000000 0.000000 0.027236
            0.000000  0.308933  0.000000
 0.000000 0.000000 0.000000 0.000000 0.031603 0.042982 0.000000 0.000000 0.026352
            0.000000  0.313998  0.000000
 0.000000 0.000000 0.000000 0.000000 0.030228 0.042929 0.000000 0.000000 0.025498
            0.000000  0.319062  0.000000
 0.000000 0.000000 0.000000 0.000000 0.029027 0.042768 0.000000 0.000000 0.024674
            0.000000  0.324126  0.000000
 0.000000 0.000000 0.000000 0.000000 0.027985 0.042521 0.000000 0.000000 0.023877
            0.000000  0.329191  0.000000
 0.000000 0.000000 0.000000 0.000000 0.027085 0.042206 0.000000 0.000000 0.023106
            0.000000  0.334255  0.000000
 0.000000 0.000000 0.000000 0.000000 0.026311 0.041837 0.000000 0.000000 0.022358
            0.000000  0.339320  0.000000
 0.000000 0.000000 0.000000 0.000000 0.025652 0.041426 0.000000 0.000000 0.021633
            0.000000  0.344384  0.000000
 0.000000 0.000000 0.000000 0.000000 0.025094 0.040983 0.000000 0.000000 0.020929
            0.000000  0.349449  0.000000
 0.000000 0.000000 0.000000 0.000000 0.024627 0.040515 0.000000 0.000000 0.020246
            0.000000  0.354513  0.000000
 0.000000 0.000000 0.000000 0.000000 0.024242 0.040029 0.000000 0.000000 0.019581
            0.000000  0.359578  0.000000
 0.000000 0.000000 0.000000 0.000000 0.023930 0.039530 0.000000 0.000000 0.018935
            0.000000  0.364642  0.000000
 0.000000 0.000000 0.000000 0.000000 0.023686 0.039023 0.000000 0.000000 0.018306
            0.000000  0.369707  0.000000
 0.000000 0.000000 0.000000 0.000000 0.023502 0.038510 0.000000 0.000000 0.017695
            0.000000  0.374771  0.000000
 0.000000 0.000000 0.000000 0.000000 0.023372 0.037997 0.000000 0.000000 0.017100
            0.000000  0.379836  0.000000
 0.000000 0.000000 0.000000 0.000000 0.023293 0.037484 0.000000 0.000000 0.016521
            0.000000  0.384900  0.000000
 0.000000 0.000000 0.000000 0.000000 0.023259 0.036974 0.000000 0.000000 0.015958
            0.000000  0.389965  0.000000
 0.000000 0.000000 0.000000 0.000000 0.023266 0.036470 0.000000 0.000000 0.015409
            0.000000  0.395029  0.000000
 0.000000 0.000000 0.000000 0.000000 0.023311 0.035972 0.000000 0.000000 0.014875
            0.000000  0.400094  0.000000
 0.000000 0.000000 0.000000 0.000000 0.023390 0.035483 0.000000 0.000000 0.014354
            0.000000  0.405158  0.000000
 0.000000 0.000000 0.000000 0.000000 0.023500 0.035003 0.000000 0.000000 0.013845
            0.000000  0.410223  0.000000
 0.000000 0.000000 0.000000 0.000000 0.023638 0.034533 0.000000 0.000000 0.013347
            0.000000  0.415287  0.000000
 0.000000 0.000000 0.000000 0.000000 0.023801 0.034075 0.000000 0.000000 0.012861
            0.000000  0.420352  0.000000
 0.000000 0.000000 0.000000 0.000000 0.023985 0.033628 0.000000 0.000000 0.012383
            0.000000  0.425416  0.000000
 0.000000 0.000000 0.000000 0.000000 0.024189 0.033193 0.000000 0.000000 0.011915
            0.000000  0.430480  0.000000
 0.000000 0.000000 0.000000 0.000000 0.024410 0.032771 0.000000 0.000000 0.011453
            0.000000  0.435545  0.000000
 0.000000 0.000000 0.000000 0.000000 0.024645 0.032362 0.000000 0.000000 0.010999
            0.000000  0.440609  0.000000
 0.000000 0.000000 0.000000 0.000000 0.024892 0.031967 0.000000 0.000000 0.010550
            0.000000  0.445674  0.000000
 0.000000 0.000000 0.000000 0.000000 0.025148 0.031584 0.000000 0.000000 0.010107
            0.000000  0.450738  0.000000
 0.000000 0.000000 0.000000 0.000000 0.025412 0.031215 0.000000 0.000000 0.009668
            0.000000  0.455803  0.000000
 0.000000 0.000000 0.000000 0.000000 0.025682 0.030860 0.000000 0.000000 0.009233
            0.000000  0.460867  0.000000
 0.000000 0.000000 0.000000 0.000000 0.025955 0.030518 0.000000 0.000000 0.008801
            0.000000  0.465932  0.000000
 0.000000 0.000000 0.000000 0.000000 0.026230 0.030191 0.000000 0.000000 0.008373
            0.000000  0.470996  0.000000
 0.000000 0.000000 0.000000 0.000000 0.026504 0.029877 0.000000 0.000000 0.007948
            0.000000  0.476061  0.000000
 0.000000 0.000000 0.000000 0.000000 0.026777 0.029578 0.000000 0.000000 0.007527
            0.000000  0.481125  0.000000
 0.000000 0.000000 0.000000 0.000000 0.027046 0.029293 0.000000 0.000000 0.007109
            0.000000  0.486190  0.000000
 0.000000 0.000000 0.000000 0.000000 0.027311 0.029023 0.000000 0.000000 0.006695
            0.000000  0.491254  0.000000
 0.000000 0.000000 0.000000 0.000000 0.027569 0.028768 0.000000 0.000000 0.006285
            0.000000  0.496319  0.000000
 0.000000 0.000000 0.000000 0.000000 0.027819 0.028528 0.000000 0.000000 0.005880
            0.000000  0.501383  0.000000
 0.000000 0.000000 0.000000 0.000000 0.028061 0.028302 0.000000 0.000000 0.005479
            0.000000  0.506448  0.000000
 0.000000 0.000000 0.000000 0.000000 0.028293 0.028092 0.000000 0.000000 0.005084
            0.000000  0.511512  0.000000
 0.000000 0.000000 0.000000 0.000000 0.028513 0.027897 0.000000 0.000000 0.004694
            0.000000  0.516577  0.000000
 0.000000 0.000000 0.000000 0.000000 0.028722 0.027717 0.000000 0.000000 0.004309
            0.000000  0.521641  0.000000
 0.000000 0.000000 0.000000 0.000000 0.028918 0.027552 0.000000 0.000000 0.003931
            0.000000  0.526706  0.000000
 0.000000 0.000000 0.000000 0.000000 0.029099 0.027403 0.000000 0.000000 0.003558
            0.000000  0.531770  0.000000
 0.000000 0.000000 0.000000 0.000000 0.029266 0.027268 0.000000 0.000000 0.003192
            0.000000  0.536834  0.000000
 0.000000 0.000000 0.000000 0.000000 0.029417 0.027149 0.000000 0.000000 0.002831
            0.000000  0.541899  0.000000
 0.000000 0.000000 0.000000 0.000000 0.029553 0.027044 0.000000 0.000000 0.002477
            0.000000  0.546963  0.000000
 0.000000 0.000000 0.000000 0.000000 0.029671 0.026953 0.000000 0.000000 0.002130
            0.000000  0.552028  0.000000
 0.000000 0.000000 0.000000 0.000000 0.029772 0.026877 0.000000 0.000000 0.001789
            0.000000  0.557092  0.000000
 0.000000 0.000000 0.000000 0.000000 0.029856 0.026815 0.000000 0.000000 0.001458
            0.000000  0.562157  0.000000
 0.000000 0.000000 0.000000 0.000000 0.029921 0.026767 0.000000 0.000000 0.001139
            0.000000  0.567221  0.000000
 0.000000 0.000000 0.000000 0.000000 0.029968 0.026733 0.000000 0.000000 0.000843
            0.000000  0.572286  0.000000
 0.000000 0.000000 0.000000 0.000000 0.029996 0.026712 0.000000 0.000000 0.000601
            0.000000  0.577350  0.000000
 0.000000 0.000000 0.000000 0.000000 0.030006 0.026705 0.000000 0.000000 0.000495
