 &plot nbnd=   9, nks=   248 /
            0.333333  0.577350  0.000000
 0.000000 0.000000 0.000000 0.007729 0.000000 0.000000 0.032936 0.000000 0.000000
            0.330808  0.572976  0.000000
 0.000425 0.000012 0.000007 0.007703 0.000011 0.002079 0.023360 0.000017 0.023243
            0.328283  0.568603  0.000000
 0.000828 0.000023 0.000014 0.007629 0.000021 0.004148 0.023321 0.000033 0.023293
            0.325758  0.564229  0.000000
 0.001211 0.000035 0.000022 0.007509 0.000029 0.006190 0.023273 0.000047 0.023341
            0.323232  0.559855  0.000000
 0.001571 0.000047 0.000030 0.007348 0.000035 0.008190 0.023205 0.000058 0.023399
            0.320707  0.555481  0.000000
 0.001908 0.000057 0.000038 0.007149 0.000039 0.010135 0.023116 0.000065 0.023469
            0.318182  0.551107  0.000000
 0.002222 0.000067 0.000045 0.006917 0.000040 0.012015 0.023011 0.000069 0.023550
            0.315657  0.546733  0.000000
 0.002512 0.000076 0.000051 0.006656 0.000040 0.013823 0.022891 0.000068 0.023643
            0.313131  0.542359  0.000000
 0.002778 0.000082 0.000056 0.006370 0.000037 0.015553 0.022759 0.000065 0.023747
            0.310606  0.537985  0.000000
 0.003020 0.000087 0.000059 0.006063 0.000033 0.017203 0.022620 0.000060 0.023861
            0.308081  0.533612  0.000000
 0.003235 0.000089 0.000062 0.005741 0.000029 0.018773 0.022475 0.000058 0.023985
            0.305556  0.529238  0.000000
 0.003423 0.000090 0.000063 0.005406 0.000024 0.020264 0.022328 0.000063 0.024120
            0.303030  0.524864  0.000000
 0.003583 0.000090 0.000064 0.005064 0.000020 0.021679 0.022180 0.000076 0.024267
            0.300505  0.520490  0.000000
 0.003713 0.000089 0.000064 0.004721 0.000016 0.023023 0.022034 0.000097 0.024427
            0.297980  0.516116  0.000000
 0.003813 0.000089 0.000065 0.004381 0.000014 0.024300 0.021891 0.000122 0.024603
            0.295455  0.511742  0.000000
 0.003882 0.000091 0.000067 0.004050 0.000014 0.025516 0.021751 0.000148 0.024796
            0.292929  0.507368  0.000000
 0.003920 0.000094 0.000070 0.003734 0.000013 0.026677 0.021616 0.000174 0.025009
            0.290404  0.502995  0.000000
 0.003928 0.000099 0.000074 0.003439 0.000012 0.027789 0.021486 0.000198 0.025246
            0.287879  0.498621  0.000000
 0.003907 0.000105 0.000080 0.003169 0.000012 0.028858 0.021361 0.000219 0.025509
            0.285354  0.494247  0.000000
 0.003861 0.000111 0.000086 0.002927 0.000011 0.029891 0.021242 0.000236 0.025802
            0.282828  0.489873  0.000000
 0.003791 0.000116 0.000093 0.002716 0.000013 0.030893 0.021128 0.000248 0.026128
            0.280303  0.485499  0.000000
 0.003702 0.000119 0.000099 0.002537 0.000017 0.031872 0.021018 0.000255 0.026490
            0.277778  0.481125  0.000000
 0.003597 0.000121 0.000105 0.002391 0.000022 0.032831 0.020913 0.000255 0.026889
            0.275253  0.476751  0.000000
 0.003477 0.000119 0.000108 0.002278 0.000027 0.033777 0.020811 0.000250 0.027329
            0.272727  0.472377  0.000000
 0.003346 0.000115 0.000109 0.002196 0.000033 0.034715 0.020712 0.000239 0.027810
            0.270202  0.468004  0.000000
 0.003207 0.000109 0.000107 0.002145 0.000037 0.035649 0.020616 0.000223 0.028333
            0.267677  0.463630  0.000000
 0.003060 0.000101 0.000102 0.002123 0.000040 0.036584 0.020521 0.000202 0.028898
            0.265152  0.459256  0.000000
 0.002909 0.000090 0.000095 0.002128 0.000041 0.037521 0.020426 0.000177 0.029505
            0.262626  0.454882  0.000000
 0.002755 0.000077 0.000084 0.002158 0.000040 0.038466 0.020332 0.000149 0.030153
            0.260101  0.450508  0.000000
 0.002600 0.000063 0.000071 0.002213 0.000037 0.039419 0.020237 0.000118 0.030840
            0.257576  0.446134  0.000000
 0.002445 0.000048 0.000056 0.002290 0.000031 0.040384 0.020141 0.000087 0.031563
            0.255051  0.441760  0.000000
 0.002292 0.000032 0.000038 0.002387 0.000023 0.041360 0.020043 0.000057 0.032320
            0.252525  0.437387  0.000000
 0.002143 0.000016 0.000020 0.002504 0.000012 0.042351 0.019943 0.000027 0.033108
            0.250000  0.433013  0.000000
 0.001999 0.000000 0.000000 0.002639 0.000000 0.043355 0.019840 0.000000 0.033922
            0.247475  0.428639  0.000000
 0.001861 0.000015 0.000021 0.002791 0.000014 0.044375 0.019734 0.000024 0.034758
            0.244949  0.424265  0.000000
 0.001731 0.000029 0.000042 0.002957 0.000028 0.045409 0.019624 0.000043 0.035614
            0.242424  0.419891  0.000000
 0.001610 0.000041 0.000063 0.003136 0.000043 0.046459 0.019509 0.000058 0.036485
            0.239899  0.415517  0.000000
 0.001498 0.000051 0.000084 0.003327 0.000058 0.047524 0.019390 0.000068 0.037367
            0.237374  0.411143  0.000000
 0.001395 0.000058 0.000106 0.003528 0.000072 0.048605 0.019265 0.000072 0.038258
            0.234848  0.406770  0.000000
 0.001303 0.000062 0.000126 0.003737 0.000085 0.049702 0.019135 0.000072 0.039156
            0.232323  0.402396  0.000000
 0.001219 0.000063 0.000146 0.003954 0.000096 0.050816 0.018999 0.000069 0.040060
            0.229798  0.398022  0.000000
 0.001145 0.000061 0.000165 0.004176 0.000106 0.051948 0.018857 0.000066 0.040968
            0.227273  0.393648  0.000000
 0.001079 0.000058 0.000182 0.004403 0.000113 0.053099 0.018708 0.000068 0.041882
            0.224747  0.389274  0.000000
 0.001021 0.000053 0.000197 0.004634 0.000119 0.054270 0.018551 0.000081 0.042804
            0.222222  0.384900  0.000000
 0.000969 0.000049 0.000209 0.004868 0.000123 0.055465 0.018388 0.000102 0.043736
            0.219697  0.380526  0.000000
 0.000924 0.000047 0.000219 0.005106 0.000126 0.056685 0.018217 0.000131 0.044682
            0.217172  0.376152  0.000000
 0.000884 0.000050 0.000224 0.005348 0.000128 0.057934 0.018038 0.000164 0.045648
            0.214646  0.371779  0.000000
 0.000849 0.000056 0.000226 0.005593 0.000129 0.059213 0.017851 0.000199 0.046639
            0.212121  0.367405  0.000000
 0.000818 0.000065 0.000225 0.005844 0.000130 0.060526 0.017657 0.000233 0.047662
            0.209596  0.363031  0.000000
 0.000790 0.000075 0.000220 0.006100 0.000131 0.061876 0.017456 0.000266 0.048723
            0.207071  0.358657  0.000000
 0.000763 0.000083 0.000211 0.006363 0.000131 0.063266 0.017247 0.000297 0.049829
            0.204545  0.354283  0.000000
 0.000735 0.000091 0.000200 0.006635 0.000132 0.064700 0.017031 0.000322 0.050987
            0.202020  0.349909  0.000000
 0.000705 0.000096 0.000186 0.006916 0.000132 0.066179 0.016810 0.000343 0.052204
            0.199495  0.345535  0.000000
 0.000669 0.000100 0.000170 0.007210 0.000130 0.067707 0.016583 0.000357 0.053486
            0.196970  0.341162  0.000000
 0.000627 0.000101 0.000154 0.007516 0.000128 0.069287 0.016351 0.000365 0.054838
            0.194444  0.336788  0.000000
 0.000576 0.000100 0.000136 0.007837 0.000124 0.070919 0.016115 0.000366 0.056266
            0.191919  0.332414  0.000000
 0.000514 0.000097 0.000119 0.008176 0.000118 0.072607 0.015876 0.000359 0.057773
            0.189394  0.328040  0.000000
 0.000443 0.000093 0.000101 0.008534 0.000111 0.074351 0.015635 0.000345 0.059363
            0.186869  0.323666  0.000000
 0.000365 0.000087 0.000085 0.008912 0.000101 0.076152 0.015392 0.000324 0.061038
            0.184343  0.319292  0.000000
 0.000288 0.000080 0.000070 0.009314 0.000090 0.078011 0.015148 0.000296 0.062800
            0.181818  0.314918  0.000000
 0.000237 0.000071 0.000056 0.009741 0.000078 0.079929 0.014905 0.000263 0.064649
            0.179293  0.310544  0.000000
 0.000253 0.000062 0.000044 0.010195 0.000065 0.081904 0.014662 0.000225 0.066586
            0.176768  0.306171  0.000000
 0.000346 0.000051 0.000033 0.010679 0.000051 0.083936 0.014419 0.000183 0.068610
            0.174242  0.301797  0.000000
 0.000482 0.000039 0.000023 0.011195 0.000037 0.086023 0.014178 0.000138 0.070719
            0.171717  0.297423  0.000000
 0.000643 0.000027 0.000015 0.011746 0.000024 0.088163 0.013937 0.000092 0.072912
            0.169192  0.293049  0.000000
 0.000817 0.000014 0.000007 0.012334 0.000011 0.090354 0.013697 0.000045 0.075187
            0.166667  0.288675  0.000000
 0.000998 0.000000 0.000000 0.012964 0.000000 0.092593 0.013456 0.000000 0.077542
            0.164141  0.284301  0.000000
 0.001183 0.000014 0.000007 0.013640 0.000011 0.094877 0.013214 0.000043 0.079974
            0.161616  0.279927  0.000000
 0.001366 0.000028 0.000013 0.014364 0.000019 0.097202 0.012969 0.000082 0.082483
            0.159091  0.275554  0.000000
 0.001544 0.000040 0.000018 0.015143 0.000026 0.099565 0.012720 0.000116 0.085065
            0.156566  0.271180  0.000000
 0.001714 0.000052 0.000023 0.015981 0.000032 0.101962 0.012466 0.000145 0.087722
            0.154040  0.266806  0.000000
 0.001872 0.000063 0.000028 0.016884 0.000035 0.104391 0.012205 0.000168 0.090451
            0.151515  0.262432  0.000000
 0.002017 0.000071 0.000032 0.017859 0.000038 0.106849 0.011936 0.000184 0.093255
            0.148990  0.258058  0.000000
 0.002144 0.000077 0.000036 0.018912 0.000039 0.109333 0.011656 0.000194 0.096135
            0.146465  0.253684  0.000000
 0.002254 0.000081 0.000040 0.020052 0.000040 0.111843 0.011366 0.000197 0.099092
            0.143939  0.249310  0.000000
 0.002344 0.000082 0.000043 0.021286 0.000042 0.114378 0.011064 0.000194 0.102132
            0.141414  0.244936  0.000000
 0.002414 0.000080 0.000047 0.022624 0.000044 0.116938 0.010750 0.000185 0.105258
            0.138889  0.240563  0.000000
 0.002464 0.000075 0.000051 0.024076 0.000047 0.119524 0.010425 0.000170 0.108476
            0.136364  0.236189  0.000000
 0.002494 0.000068 0.000057 0.025652 0.000053 0.122137 0.010090 0.000152 0.111791
            0.133838  0.231815  0.000000
 0.002507 0.000058 0.000063 0.027365 0.000060 0.124779 0.009745 0.000130 0.115209
            0.131313  0.227441  0.000000
 0.002503 0.000045 0.000071 0.029226 0.000068 0.127453 0.009393 0.000106 0.118737
            0.128788  0.223067  0.000000
 0.002486 0.000031 0.000079 0.031252 0.000077 0.130159 0.009036 0.000082 0.122379
            0.126263  0.218693  0.000000
 0.002456 0.000016 0.000088 0.033456 0.000087 0.132901 0.008676 0.000058 0.126141
            0.123737  0.214319  0.000000
 0.002418 0.000002 0.000097 0.035856 0.000095 0.135677 0.008316 0.000038 0.130027
            0.121212  0.209946  0.000000
 0.002374 0.000018 0.000106 0.038470 0.000103 0.138488 0.007960 0.000029 0.134040
            0.118687  0.205572  0.000000
 0.002325 0.000034 0.000115 0.041318 0.000110 0.141330 0.007610 0.000036 0.138181
            0.116162  0.201198  0.000000
 0.002275 0.000050 0.000122 0.044422 0.000114 0.144199 0.007268 0.000050 0.142450
            0.113636  0.196824  0.000000
 0.002224 0.000064 0.000127 0.047804 0.000117 0.147088 0.006937 0.000064 0.146848
            0.111111  0.192450  0.000000
 0.002175 0.000076 0.000130 0.051488 0.000118 0.149987 0.006621 0.000075 0.151370
            0.108586  0.188076  0.000000
 0.002129 0.000086 0.000132 0.055500 0.000116 0.152882 0.006319 0.000083 0.156013
            0.106061  0.183702  0.000000
 0.002087 0.000092 0.000130 0.059865 0.000111 0.155760 0.006035 0.000087 0.160773
            0.103535  0.179328  0.000000
 0.002051 0.000096 0.000126 0.064608 0.000104 0.158599 0.005770 0.000088 0.165644
            0.101010  0.174955  0.000000
 0.002024 0.000095 0.000119 0.069754 0.000095 0.161379 0.005524 0.000085 0.170621
            0.098485  0.170581  0.000000
 0.002007 0.000090 0.000109 0.075324 0.000084 0.164075 0.005300 0.000079 0.175696
            0.095960  0.166207  0.000000
 0.002003 0.000082 0.000096 0.081338 0.000071 0.166660 0.005096 0.000071 0.180864
            0.093434  0.161833  0.000000
 0.002014 0.000071 0.000081 0.087811 0.000057 0.169106 0.004915 0.000060 0.186117
            0.090909  0.157459  0.000000
 0.002041 0.000056 0.000063 0.094751 0.000042 0.171386 0.004755 0.000046 0.191449
            0.088384  0.153085  0.000000
 0.002087 0.000039 0.000043 0.102160 0.000027 0.173474 0.004617 0.000032 0.196854
            0.085859  0.148711  0.000000
 0.002150 0.000020 0.000022 0.110033 0.000013 0.175346 0.004499 0.000016 0.202326
            0.083333  0.144338  0.000000
 0.002228 0.000000 0.000000 0.118357 0.000000 0.176983 0.004400 0.000000 0.207859
            0.080808  0.139964  0.000000
 0.002320 0.000020 0.000022 0.127112 0.000010 0.178374 0.004318 0.000016 0.213448
            0.078283  0.135590  0.000000
 0.002421 0.000040 0.000044 0.136270 0.000019 0.179514 0.004249 0.000031 0.219088
            0.075758  0.131216  0.000000
 0.002527 0.000058 0.000065 0.145802 0.000023 0.180406 0.004192 0.000045 0.224775
            0.073232  0.126842  0.000000
 0.002633 0.000073 0.000084 0.155675 0.000024 0.181062 0.004141 0.000057 0.230503
            0.070707  0.122468  0.000000
 0.002734 0.000085 0.000099 0.165858 0.000021 0.181502 0.004092 0.000067 0.236270
            0.068182  0.118094  0.000000
 0.002826 0.000094 0.000111 0.176324 0.000013 0.181751 0.004043 0.000075 0.242071
            0.065657  0.113721  0.000000
 0.002903 0.000099 0.000119 0.187051 0.000005 0.181840 0.003989 0.000079 0.247901
            0.063131  0.109347  0.000000
 0.002963 0.000100 0.000121 0.198027 0.000020 0.181802 0.003926 0.000082 0.253756
            0.060606  0.104973  0.000000
 0.003003 0.000096 0.000119 0.209245 0.000043 0.181670 0.003852 0.000085 0.259631
            0.058081  0.100599  0.000000
 0.003020 0.000088 0.000111 0.220710 0.000071 0.181479 0.003765 0.000089 0.265517
            0.055556  0.096225  0.000000
 0.003012 0.000075 0.000098 0.232436 0.000103 0.181260 0.003664 0.000099 0.271408
            0.053030  0.091851  0.000000
 0.002980 0.000059 0.000082 0.244446 0.000139 0.181041 0.003549 0.000117 0.277291
            0.050505  0.087477  0.000000
 0.002922 0.000038 0.000063 0.256769 0.000178 0.180848 0.003421 0.000145 0.283154
            0.047980  0.083103  0.000000
 0.002840 0.000016 0.000044 0.269443 0.000219 0.180702 0.003282 0.000181 0.288978
            0.045455  0.078730  0.000000
 0.002736 0.000018 0.000033 0.282513 0.000262 0.180620 0.003132 0.000225 0.294745
            0.042929  0.074356  0.000000
 0.002609 0.000045 0.000040 0.296025 0.000305 0.180615 0.002974 0.000276 0.300427
            0.040404  0.069982  0.000000
 0.002464 0.000075 0.000059 0.310032 0.000349 0.180696 0.002808 0.000332 0.305996
            0.037879  0.065608  0.000000
 0.002303 0.000104 0.000081 0.324587 0.000391 0.180867 0.002638 0.000391 0.311416
            0.035354  0.061234  0.000000
 0.002127 0.000132 0.000101 0.339744 0.000430 0.181130 0.002462 0.000451 0.316648
            0.032828  0.056860  0.000000
 0.001941 0.000157 0.000119 0.355555 0.000467 0.181480 0.002281 0.000509 0.321646
            0.030303  0.052486  0.000000
 0.001747 0.000179 0.000134 0.372069 0.000498 0.181908 0.002096 0.000563 0.326360
            0.027778  0.048113  0.000000
 0.001549 0.000195 0.000144 0.389331 0.000523 0.182402 0.001906 0.000611 0.330733
            0.025253  0.043739  0.000000
 0.001351 0.000205 0.000150 0.407376 0.000539 0.182946 0.001712 0.000649 0.334707
            0.022727  0.039365  0.000000
 0.001154 0.000209 0.000152 0.426234 0.000546 0.183519 0.001513 0.000673 0.338219
            0.020202  0.034991  0.000000
 0.000964 0.000206 0.000149 0.445921 0.000541 0.184098 0.001313 0.000681 0.341205
            0.017677  0.030617  0.000000
 0.000783 0.000196 0.000141 0.466445 0.000523 0.184658 0.001112 0.000671 0.343599
            0.015152  0.026243  0.000000
 0.000614 0.000180 0.000129 0.487798 0.000491 0.185173 0.000914 0.000639 0.345341
            0.012626  0.021869  0.000000
 0.000461 0.000158 0.000114 0.509963 0.000443 0.185613 0.000721 0.000584 0.346373
            0.010101  0.017495  0.000000
 0.000325 0.000131 0.000095 0.532908 0.000381 0.185953 0.000540 0.000507 0.346645
            0.007576  0.013122  0.000000
 0.000210 0.000100 0.000074 0.556589 0.000304 0.186166 0.000372 0.000407 0.346117
            0.005051  0.008748  0.000000
 0.000117 0.000067 0.000051 0.580955 0.000213 0.186228 0.000224 0.000287 0.344762
            0.002525  0.004374  0.000000
 0.000046 0.000033 0.000026 0.605942 0.000111 0.186119 0.000099 0.000150 0.342566
            0.000253  0.000437  0.000000
 0.000004 0.000003 0.000003 0.628905 0.000011 0.185860 0.000009 0.000015 0.339872
            0.000000  0.000506  0.000000
 0.000006 0.000002 0.000003 0.628902 0.000005 0.185857 0.000003 0.000005 0.339872
            0.000000  0.005064  0.000000
 0.000060 0.000027 0.000032 0.605909 0.000044 0.186092 0.000036 0.000044 0.342562
            0.000000  0.010129  0.000000
 0.000115 0.000055 0.000064 0.580880 0.000082 0.186175 0.000080 0.000080 0.344745
            0.000000  0.015193  0.000000
 0.000162 0.000084 0.000093 0.556465 0.000112 0.186087 0.000131 0.000107 0.346079
            0.000000  0.020258  0.000000
 0.000202 0.000112 0.000121 0.532726 0.000134 0.185851 0.000187 0.000126 0.346576
            0.000000  0.025322  0.000000
 0.000233 0.000138 0.000144 0.509719 0.000148 0.185491 0.000247 0.000136 0.346263
            0.000000  0.030387  0.000000
 0.000256 0.000161 0.000164 0.487489 0.000153 0.185034 0.000306 0.000139 0.345182
            0.000000  0.035451  0.000000
 0.000270 0.000180 0.000179 0.466070 0.000150 0.184510 0.000362 0.000136 0.343383
            0.000000  0.040516  0.000000
 0.000276 0.000195 0.000189 0.445484 0.000141 0.183946 0.000411 0.000130 0.340926
            0.000000  0.045580  0.000000
 0.000274 0.000203 0.000193 0.425740 0.000127 0.183372 0.000450 0.000123 0.337878
            0.000000  0.050645  0.000000
 0.000265 0.000206 0.000191 0.406836 0.000112 0.182813 0.000475 0.000118 0.334305
            0.000000  0.055709  0.000000
 0.000250 0.000202 0.000185 0.388756 0.000098 0.182294 0.000484 0.000116 0.330275
            0.000000  0.060774  0.000000
 0.000229 0.000192 0.000172 0.371474 0.000088 0.181836 0.000477 0.000114 0.325855
            0.000000  0.065838  0.000000
 0.000204 0.000177 0.000156 0.354955 0.000081 0.181454 0.000452 0.000112 0.321108
            0.000000  0.070903  0.000000
 0.000175 0.000155 0.000135 0.339154 0.000076 0.181164 0.000409 0.000106 0.316089
            0.000000  0.075967  0.000000
 0.000143 0.000130 0.000111 0.324021 0.000071 0.180971 0.000350 0.000096 0.310852
            0.000000  0.081032  0.000000
 0.000109 0.000100 0.000084 0.309501 0.000062 0.180881 0.000277 0.000080 0.305441
            0.000000  0.086096  0.000000
 0.000073 0.000068 0.000056 0.295538 0.000048 0.180891 0.000192 0.000058 0.299895
            0.000000  0.091161  0.000000
 0.000037 0.000034 0.000028 0.282073 0.000027 0.180996 0.000098 0.000032 0.294246
            0.000000  0.096225  0.000000
 0.000000 0.000000 0.000000 0.269050 0.000000 0.181184 0.000000 0.000000 0.288519
            0.000000  0.101290  0.000000
 0.000036 0.000033 0.000026 0.256416 0.000033 0.181440 0.000099 0.000034 0.282736
            0.000000  0.106354  0.000000
 0.000070 0.000065 0.000050 0.244125 0.000070 0.181741 0.000196 0.000070 0.276913
            0.000000  0.111418  0.000000
 0.000102 0.000094 0.000071 0.232134 0.000110 0.182064 0.000286 0.000105 0.271062
            0.000000  0.116483  0.000000
 0.000132 0.000119 0.000088 0.220412 0.000152 0.182377 0.000368 0.000138 0.265191
            0.000000  0.121547  0.000000
 0.000158 0.000139 0.000102 0.208935 0.000193 0.182646 0.000437 0.000169 0.259309
            0.000000  0.126612  0.000000
 0.000179 0.000155 0.000111 0.197692 0.000230 0.182836 0.000493 0.000194 0.253419
            0.000000  0.131676  0.000000
 0.000196 0.000166 0.000116 0.186681 0.000264 0.182906 0.000533 0.000214 0.247527
            0.000000  0.136741  0.000000
 0.000208 0.000171 0.000117 0.175910 0.000290 0.182819 0.000556 0.000227 0.241636
            0.000000  0.141805  0.000000
 0.000213 0.000171 0.000115 0.165401 0.000309 0.182538 0.000564 0.000233 0.235751
            0.000000  0.146870  0.000000
 0.000213 0.000166 0.000109 0.155182 0.000319 0.182030 0.000555 0.000233 0.229877
            0.000000  0.151934  0.000000
 0.000207 0.000157 0.000101 0.145286 0.000319 0.181270 0.000530 0.000225 0.224019
            0.000000  0.156999  0.000000
 0.000195 0.000143 0.000091 0.135752 0.000308 0.180239 0.000491 0.000211 0.218182
            0.000000  0.162063  0.000000
 0.000178 0.000126 0.000079 0.126617 0.000287 0.178928 0.000440 0.000190 0.212375
            0.000000  0.167128  0.000000
 0.000155 0.000107 0.000066 0.117917 0.000257 0.177339 0.000379 0.000165 0.206605
            0.000000  0.172192  0.000000
 0.000129 0.000086 0.000052 0.109682 0.000218 0.175483 0.000309 0.000135 0.200879
            0.000000  0.177257  0.000000
 0.000099 0.000064 0.000038 0.101934 0.000171 0.173377 0.000234 0.000103 0.195206
            0.000000  0.182321  0.000000
 0.000067 0.000042 0.000025 0.094685 0.000117 0.171047 0.000156 0.000069 0.189596
            0.000000  0.187386  0.000000
 0.000034 0.000020 0.000012 0.087941 0.000060 0.168524 0.000077 0.000034 0.184058
            0.000000  0.192450  0.000000
 0.000000 0.000000 0.000000 0.081698 0.000000 0.165838 0.000000 0.000000 0.178600
            0.000000  0.197515  0.000000
 0.000033 0.000018 0.000011 0.075944 0.000060 0.163024 0.000073 0.000032 0.173232
            0.000000  0.202579  0.000000
 0.000065 0.000034 0.000022 0.070663 0.000118 0.160113 0.000139 0.000061 0.167964
            0.000000  0.207644  0.000000
 0.000094 0.000047 0.000032 0.065833 0.000173 0.157137 0.000197 0.000086 0.162802
            0.000000  0.212708  0.000000
 0.000120 0.000057 0.000041 0.061429 0.000222 0.154121 0.000246 0.000106 0.157754
            0.000000  0.217772  0.000000
 0.000143 0.000063 0.000049 0.057423 0.000264 0.151091 0.000285 0.000122 0.152827
            0.000000  0.222837  0.000000
 0.000161 0.000067 0.000057 0.053790 0.000298 0.148067 0.000313 0.000132 0.148027
            0.000000  0.227901  0.000000
 0.000174 0.000068 0.000064 0.050501 0.000322 0.145065 0.000329 0.000137 0.143357
            0.000000  0.232966  0.000000
 0.000183 0.000067 0.000069 0.047529 0.000336 0.142099 0.000335 0.000138 0.138821
            0.000000  0.238030  0.000000
 0.000186 0.000063 0.000073 0.044850 0.000340 0.139178 0.000330 0.000134 0.134420
            0.000000  0.243095  0.000000
 0.000185 0.000058 0.000075 0.042439 0.000335 0.136311 0.000316 0.000126 0.130154
            0.000000  0.248159  0.000000
 0.000178 0.000051 0.000076 0.040275 0.000319 0.133501 0.000294 0.000114 0.126022
            0.000000  0.253224  0.000000
 0.000166 0.000043 0.000074 0.038335 0.000295 0.130751 0.000265 0.000101 0.122022
            0.000000  0.258288  0.000000
 0.000151 0.000035 0.000070 0.036603 0.000264 0.128062 0.000230 0.000086 0.118151
            0.000000  0.263353  0.000000
 0.000131 0.000027 0.000063 0.035059 0.000226 0.125434 0.000192 0.000070 0.114403
            0.000000  0.268417  0.000000
 0.000108 0.000020 0.000054 0.033688 0.000183 0.122865 0.000152 0.000054 0.110775
            0.000000  0.273482  0.000000
 0.000083 0.000013 0.000043 0.032475 0.000138 0.120354 0.000112 0.000039 0.107261
            0.000000  0.278546  0.000000
 0.000056 0.000008 0.000030 0.031407 0.000091 0.117899 0.000072 0.000024 0.103856
            0.000000  0.283611  0.000000
 0.000028 0.000003 0.000015 0.030470 0.000045 0.115497 0.000034 0.000011 0.100554
            0.000000  0.288675  0.000000
 0.000000 0.000000 0.000000 0.029653 0.000001 0.113147 0.000000 0.000000 0.097349
            0.000000  0.293740  0.000000
 0.000027 0.000003 0.000015 0.028944 0.000040 0.110848 0.000030 0.000010 0.094237
            0.000000  0.298804  0.000000
 0.000052 0.000005 0.000030 0.028335 0.000076 0.108598 0.000056 0.000018 0.091213
            0.000000  0.303869  0.000000
 0.000076 0.000007 0.000044 0.027814 0.000106 0.106397 0.000077 0.000024 0.088273
            0.000000  0.308933  0.000000
 0.000096 0.000010 0.000057 0.027373 0.000130 0.104244 0.000093 0.000030 0.085413
            0.000000  0.313998  0.000000
 0.000112 0.000013 0.000067 0.027004 0.000147 0.102141 0.000104 0.000034 0.082631
            0.000000  0.319062  0.000000
 0.000125 0.000017 0.000075 0.026699 0.000157 0.100088 0.000111 0.000038 0.079923
            0.000000  0.324126  0.000000
 0.000134 0.000021 0.000080 0.026451 0.000160 0.098086 0.000113 0.000042 0.077288
            0.000000  0.329191  0.000000
 0.000139 0.000025 0.000083 0.026254 0.000157 0.096136 0.000113 0.000044 0.074723
            0.000000  0.334255  0.000000
 0.000139 0.000028 0.000082 0.026101 0.000148 0.094238 0.000110 0.000046 0.072228
            0.000000  0.339320  0.000000
 0.000136 0.000031 0.000079 0.025988 0.000135 0.092395 0.000105 0.000048 0.069800
            0.000000  0.344384  0.000000
 0.000129 0.000032 0.000074 0.025910 0.000119 0.090605 0.000098 0.000048 0.067440
            0.000000  0.349449  0.000000
 0.000118 0.000033 0.000066 0.025863 0.000100 0.088871 0.000090 0.000047 0.065144
            0.000000  0.354513  0.000000
 0.000105 0.000032 0.000057 0.025844 0.000081 0.087191 0.000081 0.000045 0.062913
            0.000000  0.359578  0.000000
 0.000090 0.000029 0.000048 0.025850 0.000061 0.085566 0.000071 0.000041 0.060745
            0.000000  0.364642  0.000000
 0.000073 0.000026 0.000037 0.025880 0.000043 0.083994 0.000060 0.000035 0.058638
            0.000000  0.369707  0.000000
 0.000055 0.000021 0.000027 0.025931 0.000028 0.082474 0.000048 0.000028 0.056591
            0.000000  0.374771  0.000000
 0.000036 0.000015 0.000017 0.026003 0.000015 0.081004 0.000033 0.000020 0.054602
            0.000000  0.379836  0.000000
 0.000018 0.000008 0.000008 0.026095 0.000006 0.079583 0.000017 0.000010 0.052670
            0.000000  0.384900  0.000000
 0.000000 0.000000 0.000000 0.026206 0.000000 0.078207 0.000000 0.000000 0.050792
            0.000000  0.389965  0.000000
 0.000017 0.000008 0.000007 0.026337 0.000003 0.076876 0.000019 0.000011 0.048966
            0.000000  0.395029  0.000000
 0.000032 0.000017 0.000015 0.026487 0.000005 0.075586 0.000039 0.000023 0.047191
            0.000000  0.400094  0.000000
 0.000045 0.000025 0.000022 0.026656 0.000010 0.074334 0.000059 0.000034 0.045463
            0.000000  0.405158  0.000000
 0.000057 0.000033 0.000031 0.026844 0.000017 0.073119 0.000079 0.000045 0.043781
            0.000000  0.410223  0.000000
 0.000066 0.000040 0.000040 0.027051 0.000027 0.071939 0.000098 0.000055 0.042142
            0.000000  0.415287  0.000000
 0.000073 0.000046 0.000050 0.027275 0.000037 0.070791 0.000115 0.000064 0.040544
            0.000000  0.420352  0.000000
 0.000077 0.000051 0.000061 0.027517 0.000048 0.069675 0.000130 0.000072 0.038986
            0.000000  0.425416  0.000000
 0.000079 0.000054 0.000071 0.027775 0.000058 0.068589 0.000142 0.000078 0.037465
            0.000000  0.430480  0.000000
 0.000079 0.000056 0.000081 0.028047 0.000067 0.067532 0.000149 0.000081 0.035980
            0.000000  0.435545  0.000000
 0.000077 0.000057 0.000088 0.028333 0.000073 0.066506 0.000152 0.000083 0.034528
            0.000000  0.440609  0.000000
 0.000074 0.000055 0.000093 0.028629 0.000077 0.065509 0.000151 0.000082 0.033110
            0.000000  0.445674  0.000000
 0.000068 0.000052 0.000095 0.028934 0.000077 0.064543 0.000145 0.000079 0.031722
            0.000000  0.450738  0.000000
 0.000061 0.000048 0.000094 0.029246 0.000075 0.063609 0.000134 0.000073 0.030365
            0.000000  0.455803  0.000000
 0.000052 0.000042 0.000088 0.029562 0.000069 0.062708 0.000119 0.000065 0.029036
            0.000000  0.460867  0.000000
 0.000043 0.000035 0.000078 0.029880 0.000060 0.061841 0.000100 0.000055 0.027736
            0.000000  0.465932  0.000000
 0.000033 0.000027 0.000064 0.030195 0.000048 0.061010 0.000078 0.000044 0.026463
            0.000000  0.470996  0.000000
 0.000022 0.000018 0.000046 0.030507 0.000033 0.060217 0.000053 0.000030 0.025216
            0.000000  0.476061  0.000000
 0.000011 0.000009 0.000025 0.030813 0.000017 0.059463 0.000027 0.000016 0.023994
            0.000000  0.481125  0.000000
 0.000000 0.000000 0.000000 0.031109 0.000000 0.058750 0.000000 0.000000 0.022797
            0.000000  0.486190  0.000000
 0.000011 0.000009 0.000027 0.031394 0.000018 0.058078 0.000027 0.000016 0.021624
            0.000000  0.491254  0.000000
 0.000021 0.000018 0.000055 0.031665 0.000035 0.057449 0.000052 0.000032 0.020475
            0.000000  0.496319  0.000000
 0.000030 0.000026 0.000084 0.031921 0.000052 0.056862 0.000075 0.000048 0.019348
            0.000000  0.501383  0.000000
 0.000038 0.000034 0.000112 0.032160 0.000067 0.056319 0.000096 0.000064 0.018244
            0.000000  0.506448  0.000000
 0.000046 0.000040 0.000139 0.032382 0.000079 0.055819 0.000112 0.000078 0.017163
            0.000000  0.511512  0.000000
 0.000051 0.000045 0.000163 0.032584 0.000090 0.055362 0.000125 0.000090 0.016104
            0.000000  0.516577  0.000000
 0.000056 0.000049 0.000183 0.032767 0.000097 0.054946 0.000134 0.000101 0.015071
            0.000000  0.521641  0.000000
 0.000059 0.000051 0.000198 0.032931 0.000101 0.054570 0.000138 0.000109 0.014063
            0.000000  0.526706  0.000000
 0.000060 0.000052 0.000209 0.033076 0.000102 0.054233 0.000138 0.000115 0.013084
            0.000000  0.531770  0.000000
 0.000059 0.000052 0.000213 0.033201 0.000100 0.053933 0.000134 0.000118 0.012138
            0.000000  0.536834  0.000000
 0.000058 0.000050 0.000211 0.033309 0.000095 0.053669 0.000126 0.000118 0.011231
            0.000000  0.541899  0.000000
 0.000054 0.000046 0.000202 0.033400 0.000087 0.053438 0.000114 0.000114 0.010370
            0.000000  0.546963  0.000000
 0.000049 0.000042 0.000188 0.033475 0.000077 0.053239 0.000100 0.000107 0.009566
            0.000000  0.552028  0.000000
 0.000043 0.000036 0.000167 0.033535 0.000066 0.053071 0.000084 0.000097 0.008833
            0.000000  0.557092  0.000000
 0.000036 0.000030 0.000141 0.033582 0.000053 0.052930 0.000067 0.000083 0.008186
            0.000000  0.562157  0.000000
 0.000028 0.000022 0.000110 0.033616 0.000040 0.052817 0.000049 0.000066 0.007648
            0.000000  0.567221  0.000000
 0.000019 0.000015 0.000075 0.033638 0.000026 0.052731 0.000032 0.000046 0.007239
            0.000000  0.572286  0.000000
 0.000009 0.000007 0.000038 0.033650 0.000013 0.052670 0.000015 0.000024 0.006983
            0.000000  0.577350  0.000000
 0.000000 0.000000 0.000000 0.033651 0.000000 0.052635 0.000000 0.000000 0.006893
