 &plot nbnd=   9, nks=    42 /
            0.333333  0.577350  0.000000
 0.012693 0.000000 0.000000 0.012616 0.000000 0.000000 0.000000 0.000000 0.000000
            0.312500  0.541266  0.000000
 0.012152 0.000000 0.001135 0.012726 0.000000 0.000000 0.000000 0.000671 0.000690
            0.291667  0.505181  0.000000
 0.011017 0.000000 0.001714 0.012997 0.000000 0.000000 0.000000 0.001191 0.000090
            0.270833  0.469097  0.000000
 0.009800 0.000000 0.001976 0.013279 0.000000 0.000000 0.000000 0.001832 0.001781
            0.250000  0.433013  0.000000
 0.008579 0.000000 0.002091 0.013424 0.000000 0.000000 0.000000 0.002676 0.003997
            0.229167  0.396928  0.000000
 0.000000 0.007270 0.002142 0.013244 0.000000 0.000000 0.000000 0.003682 0.006495
            0.208333  0.360844  0.000000
 0.000000 0.005827 0.002134 0.012483 0.000000 0.000000 0.004779 0.000000 0.009095
            0.187500  0.324760  0.000000
 0.000000 0.004343 0.001965 0.010919 0.000000 0.000000 0.005868 0.000000 0.011675
            0.166667  0.288675  0.000000
 0.000000 0.003086 0.001526 0.008645 0.000000 0.006802 0.000000 0.000000 0.014199
            0.145833  0.252591  0.000000
 0.000000 0.002338 0.000780 0.006224 0.000000 0.007382 0.000000 0.000000 0.016727
            0.125000  0.216506  0.000000
 0.000000 0.001959 0.000516 0.004347 0.000000 0.007438 0.000000 0.000000 0.019377
            0.104167  0.180422  0.000000
 0.000000 0.001217 0.001790 0.000000 0.003371 0.000000 0.006853 0.000000 0.022203
            0.083333  0.144338  0.000000
 0.000000 0.000665 0.002400 0.000000 0.000000 0.003018 0.005648 0.000000 0.025071
            0.062500  0.108253  0.000000
 0.000000 0.000319 0.002485 0.000000 0.000000 0.002508 0.004174 0.000000 0.027662
            0.041667  0.072169  0.000000
 0.000000 0.000116 0.002017 0.000000 0.000000 0.001622 0.002762 0.000000 0.029644
            0.020833  0.036084  0.000000
 0.000000 0.000024 0.001121 0.000000 0.000000 0.000621 0.001438 0.000000 0.030851
            0.002083  0.003608  0.000000
 0.000000 0.000000 0.000116 0.000000 0.000000 0.000011 0.000155 0.000000 0.031263
            0.000000  0.002406  0.000000
 0.000000 0.000067 0.000000 0.000000 0.000000 0.000063 0.000063 0.000000 0.031267
            0.000000  0.024056  0.000000
 0.000000 0.000000 0.000662 0.000000 0.000000 0.000000 0.000898 0.000000 0.031124
            0.000000  0.048113  0.000000
 0.000000 0.000000 0.001280 0.000000 0.000000 0.000000 0.001815 0.000000 0.030717
            0.000000  0.072169  0.000000
 0.000000 0.000000 0.001810 0.000000 0.000000 0.000000 0.002761 0.000000 0.030045
            0.000000  0.096225  0.000000
 0.000000 0.000000 0.002207 0.000000 0.000000 0.000000 0.003732 0.000000 0.029106
            0.000000  0.120281  0.000000
 0.000000 0.000000 0.002431 0.000000 0.000000 0.000000 0.004712 0.000000 0.027909
            0.000000  0.144338  0.000000
 0.000000 0.000000 0.002450 0.000000 0.000000 0.000000 0.005662 0.000000 0.026486
            0.000000  0.168394  0.000000
 0.000000 0.000000 0.002260 0.000000 0.000000 0.000000 0.006531 0.000000 0.024893
            0.000000  0.192450  0.000000
 0.000000 0.000000 0.001897 0.000000 0.000000 0.000000 0.007264 0.000000 0.023207
            0.000000  0.216506  0.000000
 0.000000 0.000000 0.001444 0.000000 0.000000 0.000000 0.007812 0.000000 0.021508
            0.000000  0.240563  0.000000
 0.000000 0.000000 0.001017 0.000000 0.000000 0.008158 0.000000 0.000000 0.019866
            0.000000  0.264619  0.000000
 0.000000 0.000718 0.000000 0.000000 0.000000 0.008311 0.000000 0.000000 0.018343
            0.000000  0.288675  0.000000
 0.000000 0.000566 0.000000 0.000000 0.000000 0.008301 0.000000 0.000000 0.016993
            0.000000  0.312731  0.000000
 0.000472 0.000000 0.000000 0.000000 0.000000 0.008166 0.000000 0.000000 0.015874
            0.000000  0.336788  0.000000
 0.000408 0.000000 0.000000 0.000000 0.000000 0.000000 0.007948 0.000000 0.015053
            0.000000  0.360844  0.000000
 0.000558 0.000000 0.000000 0.000000 0.000000 0.000000 0.007685 0.000000 0.014599
            0.000000  0.384900  0.000000
 0.000997 0.000000 0.000000 0.000000 0.000000 0.000000 0.007420 0.000000 0.014553
            0.000000  0.408956  0.000000
 0.001619 0.000000 0.000000 0.000000 0.000000 0.000000 0.007189 0.000000 0.014902
            0.000000  0.433013  0.000000
 0.002349 0.000000 0.000000 0.000000 0.000000 0.000000 0.007022 0.000000 0.015566
            0.000000  0.457069  0.000000
 0.003125 0.000000 0.000000 0.000000 0.000000 0.000000 0.006933 0.000000 0.016420
            0.000000  0.481125  0.000000
 0.003882 0.000000 0.000000 0.000000 0.000000 0.000000 0.006915 0.000000 0.017324
            0.000000  0.505181  0.000000
 0.004557 0.000000 0.000000 0.000000 0.000000 0.000000 0.006948 0.000000 0.018155
            0.000000  0.529238  0.000000
 0.005091 0.000000 0.000000 0.000000 0.000000 0.000000 0.007000 0.000000 0.018817
            0.000000  0.553294  0.000000
 0.005434 0.000000 0.000000 0.000000 0.000000 0.000000 0.007043 0.000000 0.019241
            0.000000  0.577350  0.000000
 0.005552 0.000000 0.000000 0.000000 0.000000 0.000000 0.007059 0.000000 0.019387
