 &plot nbnd=   9, nks=    42 /
            0.333333  0.577350  0.000000
 0.000000 0.014076 0.000000 0.000000 0.000000 0.000000 0.014753 0.000000 0.000000
            0.312500  0.541266  0.000000
 0.000000 0.012091 0.006129 0.000000 0.000000 0.014706 0.000000 0.000377 0.000767
            0.291667  0.505181  0.000000
 0.000000 0.010402 0.006918 0.000000 0.000000 0.014632 0.000000 0.000680 0.000069
            0.270833  0.469097  0.000000
 0.000000 0.008983 0.007171 0.000000 0.000000 0.014562 0.000000 0.000881 0.001554
            0.250000  0.433013  0.000000
 0.000000 0.007728 0.007465 0.000000 0.000000 0.014382 0.000000 0.001026 0.003753
            0.229167  0.396928  0.000000
 0.000000 0.006593 0.007793 0.000000 0.013895 0.000000 0.000000 0.001127 0.006305
            0.208333  0.360844  0.000000
 0.000000 0.005545 0.008043 0.000000 0.012857 0.000000 0.000000 0.001169 0.009013
            0.187500  0.324760  0.000000
 0.000000 0.004569 0.008128 0.000000 0.000000 0.011084 0.000000 0.001201 0.011710
            0.166667  0.288675  0.000000
 0.000000 0.003665 0.008059 0.000000 0.000000 0.008670 0.001437 0.000000 0.014282
            0.145833  0.252591  0.000000
 0.000000 0.002818 0.007945 0.000000 0.000000 0.006095 0.002228 0.000000 0.016699
            0.125000  0.216506  0.000000
 0.000000 0.001987 0.007876 0.000000 0.000000 0.003868 0.003875 0.000000 0.019023
            0.104167  0.180422  0.000000
 0.000000 0.001132 0.007825 0.000000 0.000000 0.002174 0.006554 0.000000 0.021309
            0.083333  0.144338  0.000000
 0.000000 0.000259 0.007677 0.000000 0.000000 0.000973 0.010397 0.000000 0.023473
            0.062500  0.108253  0.000000
 0.000000 0.000552 0.007363 0.000000 0.000000 0.000220 0.015677 0.000000 0.025267
            0.041667  0.072169  0.000000
 0.000000 0.001138 0.007121 0.000000 0.000000 0.000089 0.023630 0.000000 0.026414
            0.020833  0.036084  0.000000
 0.000000 0.001180 0.008162 0.000000 0.000000 0.000065 0.040465 0.000000 0.026692
            0.002083  0.003608  0.000000
 0.000064 0.000000 0.019832 0.000000 0.000000 0.000001 0.119051 0.000000 0.025795
            0.000000  0.002406  0.000000
 0.000000 0.000000 0.024460 0.000000 0.000000 0.000000 0.146916 0.000000 0.026317
            0.000000  0.024056  0.000000
 0.000000 0.000000 0.010241 0.000000 0.000000 0.000000 0.057242 0.000000 0.026413
            0.000000  0.048113  0.000000
 0.000000 0.000000 0.007885 0.000000 0.000000 0.000000 0.036557 0.000000 0.026721
            0.000000  0.072169  0.000000
 0.000000 0.000000 0.007278 0.000000 0.000000 0.000000 0.026741 0.000000 0.026588
            0.000000  0.096225  0.000000
 0.000000 0.000000 0.007215 0.000000 0.000000 0.000000 0.020739 0.000000 0.026147
            0.000000  0.120281  0.000000
 0.000000 0.000000 0.007333 0.000000 0.000000 0.000000 0.016437 0.000000 0.025439
            0.000000  0.144338  0.000000
 0.000000 0.000000 0.007472 0.000000 0.000000 0.000000 0.013024 0.000000 0.024501
            0.000000  0.168394  0.000000
 0.000000 0.000000 0.007555 0.000000 0.000000 0.000000 0.010164 0.000000 0.023385
            0.000000  0.192450  0.000000
 0.000000 0.000000 0.007551 0.000000 0.000000 0.000000 0.007719 0.000000 0.022161
            0.000000  0.216506  0.000000
 0.000000 0.000000 0.007456 0.000000 0.000000 0.000000 0.005630 0.000000 0.020907
            0.000000  0.240563  0.000000
 0.000000 0.000000 0.007278 0.000000 0.000000 0.000000 0.003861 0.000000 0.019695
            0.000000  0.264619  0.000000
 0.000000 0.000000 0.007028 0.000000 0.000000 0.000000 0.002378 0.000000 0.018587
            0.000000  0.288675  0.000000
 0.000000 0.000000 0.006710 0.000000 0.000000 0.000000 0.001158 0.000000 0.017640
            0.000000  0.312731  0.000000
 0.000000 0.000000 0.006326 0.000000 0.000000 0.000000 0.000407 0.000000 0.016911
            0.000000  0.336788  0.000000
 0.000000 0.000000 0.005878 0.000000 0.000000 0.000000 0.000973 0.000000 0.016457
            0.000000  0.360844  0.000000
 0.000000 0.000000 0.005372 0.000000 0.000000 0.000000 0.000000 0.001715 0.016328
            0.000000  0.384900  0.000000
 0.000000 0.000000 0.004831 0.000000 0.000000 0.000000 0.000000 0.002387 0.016548
            0.000000  0.408956  0.000000
 0.000000 0.000000 0.004298 0.000000 0.000000 0.000000 0.000000 0.002988 0.017096
            0.000000  0.433013  0.000000
 0.000000 0.000000 0.003844 0.000000 0.000000 0.000000 0.000000 0.003525 0.017899
            0.000000  0.457069  0.000000
 0.000000 0.000000 0.003550 0.000000 0.000000 0.000000 0.000000 0.004000 0.018849
            0.000000  0.481125  0.000000
 0.000000 0.000000 0.003468 0.000000 0.000000 0.000000 0.000000 0.004409 0.019821
            0.000000  0.505181  0.000000
 0.000000 0.000000 0.003569 0.000000 0.000000 0.000000 0.000000 0.004745 0.020703
            0.000000  0.529238  0.000000
 0.000000 0.000000 0.003757 0.000000 0.000000 0.000000 0.000000 0.004998 0.021401
            0.000000  0.553294  0.000000
 0.000000 0.000000 0.003920 0.000000 0.000000 0.000000 0.000000 0.005155 0.021847
            0.000000  0.577350  0.000000
 0.000000 0.000000 0.003984 0.000000 0.000000 0.000000 0.000000 0.005208 0.022000
