 &plot nbnd=   9, nks=    42 /
            0.333333  0.577350  0.000000
 0.000000 0.014590 0.000000 0.000000 0.000000 0.014563 0.000000 0.000000 0.000000
            0.312500  0.541266  0.000000
 0.000000 0.011685 0.007797 0.000000 0.000000 0.014546 0.000000 0.001014 0.000782
            0.291667  0.505181  0.000000
 0.000000 0.010187 0.008007 0.000000 0.000000 0.014540 0.000000 0.001720 0.000025
            0.270833  0.469097  0.000000
 0.000000 0.008852 0.008051 0.000000 0.000000 0.014535 0.000000 0.002149 0.001678
            0.250000  0.433013  0.000000
 0.000000 0.007641 0.008286 0.000000 0.014397 0.000000 0.000000 0.002470 0.003945
            0.229167  0.396928  0.000000
 0.000000 0.006537 0.008657 0.000000 0.013928 0.000000 0.000000 0.002775 0.006537
            0.208333  0.360844  0.000000
 0.000000 0.005508 0.009050 0.000000 0.012894 0.000000 0.000000 0.003085 0.009253
            0.187500  0.324760  0.000000
 0.000000 0.004537 0.009385 0.000000 0.000000 0.011110 0.000000 0.003454 0.011937
            0.166667  0.288675  0.000000
 0.000000 0.003625 0.009666 0.000000 0.000000 0.008669 0.004086 0.000000 0.014501
            0.145833  0.252591  0.000000
 0.000000 0.002765 0.009983 0.000000 0.000000 0.006047 0.005327 0.000000 0.016950
            0.125000  0.216506  0.000000
 0.000000 0.001928 0.010450 0.000000 0.000000 0.003755 0.007499 0.000000 0.019363
            0.104167  0.180422  0.000000
 0.000000 0.001081 0.011138 0.000000 0.000000 0.001981 0.010820 0.000000 0.021785
            0.083333  0.144338  0.000000
 0.000000 0.000246 0.012114 0.000000 0.000000 0.000706 0.015471 0.000000 0.024099
            0.062500  0.108253  0.000000
 0.000000 0.000450 0.013625 0.000000 0.000000 0.000071 0.021810 0.000000 0.025996
            0.041667  0.072169  0.000000
 0.000000 0.000769 0.016597 0.000000 0.000000 0.000307 0.031275 0.000000 0.027104
            0.020833  0.036084  0.000000
 0.000000 0.000464 0.024466 0.000000 0.000000 0.000141 0.050556 0.000000 0.027011
            0.002083  0.003608  0.000000
 0.000000 0.000008 0.061621 0.000000 0.000000 0.000002 0.128453 0.000000 0.024913
            0.000000  0.002406  0.000000
 0.000000 0.000000 0.075060 0.000000 0.000000 0.000000 0.156062 0.000000 0.025255
            0.000000  0.024056  0.000000
 0.000000 0.000000 0.032649 0.000000 0.000000 0.000000 0.068542 0.000000 0.026355
            0.000000  0.048113  0.000000
 0.000000 0.000000 0.022567 0.000000 0.000000 0.000000 0.046189 0.000000 0.027134
            0.000000  0.072169  0.000000
 0.000000 0.000000 0.017951 0.000000 0.000000 0.000000 0.034923 0.000000 0.027224
            0.000000  0.096225  0.000000
 0.000000 0.000000 0.015406 0.000000 0.000000 0.000000 0.027840 0.000000 0.026871
            0.000000  0.120281  0.000000
 0.000000 0.000000 0.013830 0.000000 0.000000 0.000000 0.022698 0.000000 0.026170
            0.000000  0.144338  0.000000
 0.000000 0.000000 0.012746 0.000000 0.000000 0.000000 0.018590 0.000000 0.025184
            0.000000  0.168394  0.000000
 0.000000 0.000000 0.011917 0.000000 0.000000 0.000000 0.015130 0.000000 0.023986
            0.000000  0.192450  0.000000
 0.000000 0.000000 0.011218 0.000000 0.000000 0.000000 0.012151 0.000000 0.022662
            0.000000  0.216506  0.000000
 0.000000 0.000000 0.010586 0.000000 0.000000 0.000000 0.009579 0.000000 0.021300
            0.000000  0.240563  0.000000
 0.000000 0.000000 0.009988 0.000000 0.000000 0.000000 0.007366 0.000000 0.019983
            0.000000  0.264619  0.000000
 0.000000 0.000000 0.009403 0.000000 0.000000 0.000000 0.005468 0.000000 0.018778
            0.000000  0.288675  0.000000
 0.000000 0.000000 0.008816 0.000000 0.000000 0.000000 0.003840 0.000000 0.017748
            0.000000  0.312731  0.000000
 0.000000 0.000000 0.008213 0.000000 0.000000 0.000000 0.002437 0.000000 0.016955
            0.000000  0.336788  0.000000
 0.000000 0.000000 0.007585 0.000000 0.000000 0.000000 0.001216 0.000000 0.016460
            0.000000  0.360844  0.000000
 0.000000 0.000000 0.006931 0.000000 0.000000 0.000000 0.000000 0.000143 0.016317
            0.000000  0.384900  0.000000
 0.000000 0.000000 0.006268 0.000000 0.000000 0.000000 0.000000 0.000814 0.016550
            0.000000  0.408956  0.000000
 0.000000 0.000000 0.005630 0.000000 0.000000 0.000000 0.000000 0.001669 0.017133
            0.000000  0.433013  0.000000
 0.000000 0.000000 0.005076 0.000000 0.000000 0.000000 0.000000 0.002434 0.017983
            0.000000  0.457069  0.000000
 0.000000 0.000000 0.004674 0.000000 0.000000 0.000000 0.000000 0.003110 0.018982
            0.000000  0.481125  0.000000
 0.000000 0.000000 0.004470 0.000000 0.000000 0.000000 0.000000 0.003689 0.020000
            0.000000  0.505181  0.000000
 0.000000 0.000000 0.004451 0.000000 0.000000 0.000000 0.000000 0.004161 0.020919
            0.000000  0.529238  0.000000
 0.000000 0.000000 0.004543 0.000000 0.000000 0.000000 0.000000 0.004513 0.021644
            0.000000  0.553294  0.000000
 0.000000 0.000000 0.004648 0.000000 0.000000 0.000000 0.000000 0.004731 0.022107
            0.000000  0.577350  0.000000
 0.000000 0.000000 0.004692 0.000000 0.000000 0.000000 0.000000 0.004805 0.022265
