 &plot nbnd=   9, nks=    42 /
            0.333333  0.577350  0.000000
 0.000000 0.000000 0.000000 0.008320 0.000000 0.000000 0.000000 0.026807 0.000000
            0.312500  0.541266  0.000000
 0.000000 0.000000 0.000000 0.007443 0.000699 0.008241 0.000000 0.026010 0.003800
            0.291667  0.505181  0.000000
 0.000000 0.000000 0.000000 0.005855 0.000044 0.014313 0.000000 0.024292 0.007358
            0.270833  0.469097  0.000000
 0.000000 0.000000 0.004678 0.000000 0.001715 0.018710 0.000000 0.022531 0.010313
            0.250000  0.433013  0.000000
 0.000000 0.000000 0.004009 0.000000 0.004059 0.022566 0.000000 0.020916 0.012870
            0.229167  0.396928  0.000000
 0.000000 0.000000 0.003554 0.000000 0.006881 0.026633 0.000000 0.019279 0.015307
            0.208333  0.360844  0.000000
 0.000000 0.000000 0.002963 0.000000 0.010116 0.031359 0.000000 0.017373 0.017922
            0.187500  0.324760  0.000000
 0.000000 0.000000 0.001988 0.000000 0.014199 0.036828 0.000000 0.015014 0.021127
            0.166667  0.288675  0.000000
 0.000000 0.000000 0.000692 0.000000 0.021227 0.042017 0.000000 0.012248 0.025488
            0.145833  0.252591  0.000000
 0.000000 0.000000 0.000518 0.000000 0.038909 0.039912 0.009410 0.000000 0.031693
            0.125000  0.216506  0.000000
 0.000000 0.000000 0.001261 0.000000 0.062808 0.019927 0.006859 0.000000 0.040548
            0.104167  0.180422  0.000000
 0.000000 0.000000 0.001468 0.000000 0.077918 0.009879 0.004720 0.000000 0.052998
            0.083333  0.144338  0.000000
 0.000000 0.000000 0.001275 0.000000 0.094788 0.007740 0.002976 0.000000 0.070133
            0.062500  0.108253  0.000000
 0.000000 0.000000 0.000872 0.000000 0.117411 0.009774 0.001627 0.093393 0.000000
            0.041667  0.072169  0.000000
 0.000000 0.000000 0.000436 0.150839 0.000000 0.015687 0.000694 0.125748 0.000000
            0.020833  0.036084  0.000000
 0.000000 0.000000 0.000116 0.208368 0.000000 0.026196 0.000167 0.175203 0.000000
            0.002083  0.003608  0.000000
 0.000000 0.000000 0.000001 0.316447 0.000000 0.040296 0.000001 0.253685 0.000000
            0.000000  0.002406  0.000000
 0.000000 0.000000 0.000000 0.324316 0.000000 0.041062 0.000000 0.258869 0.000000
            0.000000  0.024056  0.000000
 0.000000 0.000000 0.000000 0.248220 0.000000 0.032252 0.000000 0.205920 0.000000
            0.000000  0.048113  0.000000
 0.000000 0.000000 0.000000 0.196798 0.000000 0.024237 0.000000 0.165798 0.000000
            0.000000  0.072169  0.000000
 0.000000 0.000000 0.000000 0.162952 0.000000 0.018052 0.000000 0.136762 0.000000
            0.000000  0.096225  0.000000
 0.000000 0.000000 0.000000 0.138801 0.000000 0.013560 0.000000 0.114413 0.000000
            0.000000  0.120281  0.000000
 0.000000 0.000000 0.000000 0.120456 0.000000 0.010671 0.000000 0.096421 0.000000
            0.000000  0.144338  0.000000
 0.000000 0.000000 0.000000 0.000000 0.105822 0.009375 0.000000 0.000000 0.081497
            0.000000  0.168394  0.000000
 0.000000 0.000000 0.000000 0.000000 0.093696 0.009704 0.000000 0.000000 0.068916
            0.000000  0.192450  0.000000
 0.000000 0.000000 0.000000 0.000000 0.083298 0.011779 0.000000 0.000000 0.058263
            0.000000  0.216506  0.000000
 0.000000 0.000000 0.000000 0.000000 0.073874 0.016139 0.000000 0.000000 0.049267
            0.000000  0.240563  0.000000
 0.000000 0.000000 0.000000 0.000000 0.064098 0.023871 0.000000 0.000000 0.041709
            0.000000  0.264619  0.000000
 0.000000 0.000000 0.000000 0.000000 0.051939 0.034352 0.000000 0.000000 0.035388
            0.000000  0.288675  0.000000
 0.000000 0.000000 0.000000 0.000000 0.039180 0.041506 0.000000 0.000000 0.030109
            0.000000  0.312731  0.000000
 0.000000 0.000000 0.000000 0.000000 0.030549 0.042932 0.000000 0.000000 0.025688
            0.000000  0.336788  0.000000
 0.000000 0.000000 0.000000 0.000000 0.025963 0.041590 0.000000 0.000000 0.021953
            0.000000  0.360844  0.000000
 0.000000 0.000000 0.000000 0.000000 0.023862 0.039366 0.000000 0.000000 0.018756
            0.000000  0.384900  0.000000
 0.000000 0.000000 0.000000 0.000000 0.023263 0.036968 0.000000 0.000000 0.015965
            0.000000  0.408956  0.000000
 0.000000 0.000000 0.000000 0.000000 0.023610 0.034664 0.000000 0.000000 0.013474
            0.000000  0.433013  0.000000
 0.000000 0.000000 0.000000 0.000000 0.024533 0.032577 0.000000 0.000000 0.011203
            0.000000  0.457069  0.000000
 0.000000 0.000000 0.000000 0.000000 0.025754 0.030772 0.000000 0.000000 0.009094
            0.000000  0.481125  0.000000
 0.000000 0.000000 0.000000 0.000000 0.027047 0.029288 0.000000 0.000000 0.007113
            0.000000  0.505181  0.000000
 0.000000 0.000000 0.000000 0.000000 0.028237 0.028142 0.000000 0.000000 0.005239
            0.000000  0.529238  0.000000
 0.000000 0.000000 0.000000 0.000000 0.029186 0.027335 0.000000 0.000000 0.003457
            0.000000  0.553294  0.000000
 0.000000 0.000000 0.000000 0.000000 0.029796 0.026858 0.000000 0.000000 0.001763
            0.000000  0.577350  0.000000
 0.000000 0.000000 0.000000 0.000000 0.030006 0.026700 0.000000 0.000000 0.000495
