 &plot nbnd=   9, nks=    42 /
            0.333333  0.577350  0.000000
 0.000000 0.017823 0.000000 0.000000 0.000000 0.000000 0.012649 0.000000 0.000000
            0.312500  0.541266  0.000000
 0.000000 0.017407 0.001217 0.000000 0.000000 0.000000 0.011538 0.000221 0.008781
            0.291667  0.505181  0.000000
 0.000000 0.016513 0.003101 0.000000 0.000000 0.000000 0.009583 0.000588 0.014961
            0.270833  0.469097  0.000000
 0.000000 0.015510 0.005297 0.000000 0.000000 0.000000 0.008187 0.001782 0.019219
            0.250000  0.433013  0.000000
 0.014434 0.000000 0.007615 0.000000 0.000000 0.007400 0.000000 0.003684 0.022831
            0.229167  0.396928  0.000000
 0.013220 0.000000 0.009995 0.000000 0.000000 0.006840 0.000000 0.006016 0.026613
            0.208333  0.360844  0.000000
 0.011823 0.000000 0.012496 0.000000 0.000000 0.006085 0.000000 0.008593 0.031068
            0.187500  0.324760  0.000000
 0.010244 0.000000 0.015334 0.000000 0.000000 0.004836 0.000000 0.011593 0.036398
            0.166667  0.288675  0.000000
 0.008556 0.000000 0.018901 0.000000 0.000000 0.003148 0.000000 0.016407 0.042063
            0.145833  0.252591  0.000000
 0.006888 0.000000 0.023745 0.000000 0.000000 0.001477 0.000000 0.030337 0.043409
            0.125000  0.216506  0.000000
 0.005335 0.000000 0.030550 0.000000 0.000000 0.000273 0.000000 0.058638 0.019740
            0.104167  0.180422  0.000000
 0.003914 0.000000 0.040150 0.000000 0.000000 0.000366 0.000000 0.072147 0.008208
            0.083333  0.144338  0.000000
 0.002624 0.053600 0.000000 0.000000 0.000000 0.000562 0.000000 0.085908 0.006659
            0.062500  0.108253  0.000000
 0.001518 0.072546 0.000000 0.000000 0.000000 0.000478 0.000000 0.103576 0.009269
            0.041667  0.072169  0.000000
 0.000681 0.100739 0.000000 0.000000 0.000000 0.000270 0.128278 0.000000 0.015581
            0.020833  0.036084  0.000000
 0.000170 0.149212 0.000000 0.000000 0.000000 0.000077 0.167402 0.000000 0.026270
            0.002083  0.003608  0.000000
 0.000002 0.242795 0.000000 0.000000 0.000000 0.000001 0.229963 0.000000 0.040346
            0.000000  0.002406  0.000000
 0.000000 0.249797 0.000000 0.000000 0.000000 0.000000 0.233971 0.000000 0.041108
            0.000000  0.024056  0.000000
 0.000000 0.183194 0.000000 0.000000 0.000000 0.000000 0.192116 0.000000 0.032333
            0.000000  0.048113  0.000000
 0.000000 0.139430 0.000000 0.000000 0.000000 0.000000 0.159863 0.000000 0.024299
            0.000000  0.072169  0.000000
 0.000000 0.110927 0.000000 0.000000 0.000000 0.000000 0.136860 0.000000 0.018022
            0.000000  0.096225  0.000000
 0.000000 0.090586 0.000000 0.000000 0.000000 0.000000 0.119559 0.000000 0.013376
            0.000000  0.120281  0.000000
 0.000000 0.075095 0.000000 0.000000 0.000000 0.000000 0.000000 0.105887 0.010303
            0.000000  0.144338  0.000000
 0.000000 0.062760 0.000000 0.000000 0.000000 0.000000 0.000000 0.094612 0.008866
            0.000000  0.168394  0.000000
 0.000000 0.052669 0.000000 0.000000 0.000000 0.000000 0.000000 0.084980 0.009184
            0.000000  0.192450  0.000000
 0.000000 0.044308 0.000000 0.000000 0.000000 0.000000 0.000000 0.076444 0.011456
            0.000000  0.216506  0.000000
 0.000000 0.000000 0.037358 0.000000 0.000000 0.000000 0.000000 0.068287 0.016470
            0.000000  0.240563  0.000000
 0.000000 0.000000 0.031587 0.000000 0.000000 0.000000 0.000000 0.058722 0.025838
            0.000000  0.264619  0.000000
 0.000000 0.000000 0.026800 0.000000 0.000000 0.000000 0.000000 0.045418 0.037514
            0.000000  0.288675  0.000000
 0.000000 0.000000 0.022826 0.000000 0.000000 0.000000 0.000000 0.033243 0.043068
            0.000000  0.312731  0.000000
 0.000000 0.000000 0.019509 0.000000 0.000000 0.000000 0.000000 0.026466 0.043094
            0.000000  0.336788  0.000000
 0.000000 0.000000 0.016710 0.000000 0.000000 0.000000 0.000000 0.023327 0.041213
            0.000000  0.360844  0.000000
 0.000000 0.000000 0.014311 0.000000 0.000000 0.000000 0.000000 0.022185 0.038843
            0.000000  0.384900  0.000000
 0.000000 0.000000 0.012212 0.000000 0.000000 0.000000 0.000000 0.022221 0.036445
            0.000000  0.408956  0.000000
 0.000000 0.000000 0.010333 0.000000 0.000000 0.000000 0.000000 0.022991 0.034193
            0.000000  0.433013  0.000000
 0.000000 0.000000 0.008615 0.000000 0.000000 0.000000 0.000000 0.024196 0.032172
            0.000000  0.457069  0.000000
 0.000000 0.000000 0.007016 0.000000 0.000000 0.000000 0.000000 0.025600 0.030433
            0.000000  0.481125  0.000000
 0.000000 0.000000 0.005507 0.000000 0.000000 0.000000 0.000000 0.027012 0.029008
            0.000000  0.505181  0.000000
 0.000000 0.000000 0.004072 0.000000 0.000000 0.000000 0.000000 0.028275 0.027909
            0.000000  0.529238  0.000000
 0.000000 0.000000 0.002697 0.000000 0.000000 0.000000 0.000000 0.029268 0.027137
            0.000000  0.553294  0.000000
 0.000000 0.000000 0.001381 0.000000 0.000000 0.000000 0.000000 0.029901 0.026681
            0.000000  0.577350  0.000000
 0.000000 0.000000 0.000393 0.000000 0.000000 0.000000 0.000000 0.030118 0.026531
