 &plot nbnd=   9, nks=    42 /
            0.333333  0.577350  0.000000
 0.000000 0.000000 0.000000 0.007734 0.000000 0.000000 0.000000 0.000000 0.032936
            0.312500  0.541266  0.000000
 0.000000 0.002833 0.000000 0.006260 0.000000 0.015309 0.000000 0.022954 0.023552
            0.291667  0.505181  0.000000
 0.000000 0.003749 0.000000 0.003485 0.000000 0.026917 0.000000 0.021915 0.025375
            0.270833  0.469097  0.000000
 0.000000 0.003032 0.000000 0.002086 0.000000 0.035556 0.000000 0.020808 0.028879
            0.250000  0.433013  0.000000
 0.000000 0.002130 0.000000 0.002677 0.000000 0.043374 0.000000 0.019783 0.033907
            0.229167  0.396928  0.000000
 0.001569 0.000000 0.000000 0.004311 0.000000 0.051988 0.018730 0.000000 0.040525
            0.208333  0.360844  0.000000
 0.001077 0.000000 0.000000 0.006405 0.000000 0.062614 0.017403 0.000000 0.049313
            0.187500  0.324760  0.000000
 0.000221 0.000000 0.000000 0.008976 0.000000 0.076065 0.015647 0.000000 0.061224
            0.166667  0.288675  0.000000
 0.000880 0.000000 0.000000 0.012799 0.000000 0.092651 0.013396 0.000000 0.077559
            0.145833  0.252591  0.000000
 0.001821 0.000000 0.000000 0.000000 0.019945 0.112105 0.010930 0.000000 0.099339
            0.125000  0.216506  0.000000
 0.002288 0.000000 0.000000 0.000000 0.034079 0.134461 0.008520 0.000000 0.127882
            0.104167  0.180422  0.000000
 0.002278 0.000000 0.000000 0.062688 0.000000 0.158615 0.006310 0.000000 0.164112
            0.083333  0.144338  0.000000
 0.001975 0.000000 0.000000 0.116779 0.000000 0.178130 0.004300 0.207923 0.000000
            0.062500  0.108253  0.000000
 0.001234 0.000000 0.000000 0.199459 0.000000 0.183523 0.002517 0.256142 0.000000
            0.041667  0.072169  0.000000
 0.000885 0.000000 0.000000 0.302653 0.000000 0.182147 0.001215 0.302106 0.000000
            0.020833  0.036084  0.000000
 0.000165 0.000000 0.000000 0.437273 0.183942 0.000000 0.000304 0.333599 0.000000
            0.002083  0.003608  0.000000
 0.000058 0.000000 0.000000 0.606236 0.185653 0.000000 0.000070 0.336193 0.000000
            0.000000  0.002406  0.000000
 0.000000 0.000000 0.000000 0.615651 0.185628 0.000000 0.000000 0.335542 0.000000
            0.000000  0.024056  0.000000
 0.000000 0.000000 0.000000 0.509623 0.185241 0.000000 0.000000 0.338616 0.000000
            0.000000  0.048113  0.000000
 0.000000 0.000000 0.000000 0.413413 0.183502 0.000000 0.000000 0.330359 0.000000
            0.000000  0.072169  0.000000
 0.000000 0.000000 0.000000 0.334709 0.000000 0.182196 0.000000 0.312562 0.000000
            0.000000  0.096225  0.000000
 0.000000 0.000000 0.000000 0.268127 0.000000 0.182724 0.000000 0.288660 0.000000
            0.000000  0.120281  0.000000
 0.000000 0.000000 0.000000 0.209740 0.000000 0.183772 0.000000 0.261424 0.000000
            0.000000  0.144338  0.000000
 0.000000 0.000000 0.000000 0.157547 0.000000 0.183154 0.000000 0.233053 0.000000
            0.000000  0.168394  0.000000
 0.000000 0.000000 0.000000 0.113868 0.000000 0.177279 0.000000 0.205054 0.000000
            0.000000  0.192450  0.000000
 0.000000 0.000000 0.000000 0.080614 0.000000 0.166407 0.000000 0.000000 0.178611
            0.000000  0.216506  0.000000
 0.000000 0.000000 0.000000 0.058022 0.000000 0.152607 0.000000 0.000000 0.154382
            0.000000  0.240563  0.000000
 0.000000 0.000000 0.000000 0.000000 0.043400 0.138463 0.000000 0.000000 0.132773
            0.000000  0.264619  0.000000
 0.000000 0.000000 0.000000 0.034519 0.000000 0.125148 0.000000 0.000000 0.113771
            0.000000  0.288675  0.000000
 0.000000 0.000000 0.000000 0.029291 0.000000 0.113221 0.000000 0.000000 0.097290
            0.000000  0.312731  0.000000
 0.000000 0.000000 0.000000 0.026593 0.000000 0.102666 0.000000 0.000000 0.083022
            0.000000  0.336788  0.000000
 0.000000 0.000000 0.000000 0.025517 0.000000 0.093418 0.000000 0.000000 0.070716
            0.000000  0.360844  0.000000
 0.000000 0.000000 0.000000 0.025400 0.000000 0.085311 0.000000 0.000000 0.060039
            0.000000  0.384900  0.000000
 0.000000 0.000000 0.000000 0.026025 0.000000 0.078223 0.000000 0.000000 0.050733
            0.000000  0.408956  0.000000
 0.000000 0.000000 0.000000 0.027091 0.000000 0.072038 0.000000 0.000000 0.042527
            0.000000  0.433013  0.000000
 0.000000 0.000000 0.000000 0.028408 0.000000 0.066749 0.000000 0.000000 0.035242
            0.000000  0.457069  0.000000
 0.000000 0.000000 0.000000 0.029721 0.000000 0.062313 0.000000 0.000000 0.028688
            0.000000  0.481125  0.000000
 0.000000 0.000000 0.000000 0.030981 0.000000 0.058753 0.000000 0.000000 0.022757
            0.000000  0.505181  0.000000
 0.000000 0.000000 0.000000 0.032072 0.000000 0.056018 0.000000 0.000000 0.017360
            0.000000  0.529238  0.000000
 0.000000 0.000000 0.000000 0.032894 0.000000 0.054121 0.000000 0.000000 0.012537
            0.000000  0.553294  0.000000
 0.000000 0.000000 0.000000 0.033421 0.000000 0.052987 0.000000 0.000000 0.008629
            0.000000  0.577350  0.000000
 0.000000 0.000000 0.000000 0.033598 0.000000 0.052625 0.000000 0.000000 0.006896
