 &plot nbnd=  17, nks=   474 /
            0.000000  0.000000  0.000000
  -73.986  -40.346  -40.461  -40.346  -19.905  -18.358  -11.446   -8.342   -7.431   -7.226
   -8.342   -7.226   -4.864   -2.578   -2.578   -2.675   -2.675
            0.000000  0.003337  0.000000
  -73.986  -40.346  -40.461  -40.346  -19.905  -18.358  -11.446   -8.343   -7.433   -7.226
   -8.342   -7.225   -4.864   -2.578   -2.579   -2.675   -2.675
            0.000000  0.006675  0.000000
  -73.986  -40.346  -40.461  -40.346  -19.904  -18.358  -11.446   -8.344   -7.436   -7.226
   -8.342   -7.222   -4.865   -2.579   -2.579   -2.676   -2.674
            0.000000  0.010012  0.000000
  -73.986  -40.346  -40.461  -40.346  -19.904  -18.357  -11.445   -8.346   -7.442   -7.227
   -8.341   -7.217   -4.865   -2.579   -2.580   -2.676   -2.673
            0.000000  0.013349  0.000000
  -73.986  -40.346  -40.461  -40.346  -19.903  -18.357  -11.444   -8.349   -7.449   -7.229
   -8.341   -7.212   -4.866   -2.580   -2.582   -2.677   -2.671
            0.000000  0.016686  0.000000
  -73.986  -40.346  -40.461  -40.346  -19.902  -18.357  -11.443   -8.352   -7.458   -7.231
   -8.340   -7.205   -4.867   -2.580   -2.584   -2.678   -2.669
            0.000000  0.020024  0.000000
  -73.986  -40.346  -40.461  -40.346  -19.901  -18.356  -11.441   -8.356   -7.469   -7.233
   -8.338   -7.197   -4.868   -2.581   -2.586   -2.679   -2.666
            0.000000  0.023361  0.000000
  -73.986  -40.347  -40.461  -40.346  -19.899  -18.356  -11.439   -8.361   -7.481   -7.235
   -8.337   -7.188   -4.870   -2.582   -2.589   -2.680   -2.662
            0.000000  0.026698  0.000000
  -73.986  -40.347  -40.461  -40.346  -19.897  -18.355  -11.437   -8.367   -7.493   -7.238
   -8.335   -7.179   -4.872   -2.584   -2.593   -2.681   -2.658
            0.000000  0.030036  0.000000
  -73.986  -40.348  -40.461  -40.346  -19.895  -18.355  -11.435   -8.374   -7.507   -7.242
   -8.334   -7.170   -4.874   -2.585   -2.596   -2.683   -2.654
            0.000000  0.033373  0.000000
  -73.986  -40.348  -40.461  -40.346  -19.893  -18.354  -11.432   -8.381   -7.521   -7.246
   -8.331   -7.160   -4.876   -2.587   -2.600   -2.685   -2.649
            0.000000  0.036710  0.000000
  -73.986  -40.349  -40.461  -40.346  -19.891  -18.353  -11.429   -8.389   -7.535   -7.250
   -8.329   -7.151   -4.878   -2.588   -2.605   -2.687   -2.643
            0.000000  0.040047  0.000000
  -73.986  -40.349  -40.460  -40.346  -19.888  -18.353  -11.426   -8.398   -7.550   -7.254
   -8.327   -7.141   -4.881   -2.590   -2.610   -2.689   -2.637
            0.000000  0.043385  0.000000
  -73.986  -40.350  -40.460  -40.347  -19.885  -18.352  -11.422   -8.407   -7.566   -7.259
   -8.324   -7.131   -4.884   -2.592   -2.615   -2.691   -2.631
            0.000000  0.046722  0.000000
  -73.986  -40.350  -40.460  -40.347  -19.882  -18.351  -11.418   -8.417   -7.582   -7.264
   -8.321   -7.122   -4.887   -2.594   -2.621   -2.693   -2.624
            0.000000  0.050059  0.000000
  -73.986  -40.351  -40.460  -40.347  -19.879  -18.350  -11.414   -8.428   -7.599   -7.270
   -8.318   -7.112   -4.890   -2.597   -2.627   -2.695   -2.616
            0.000000  0.053397  0.000000
  -73.986  -40.352  -40.460  -40.347  -19.875  -18.349  -11.410   -8.439   -7.615   -7.276
   -8.315   -7.103   -4.894   -2.599   -2.633   -2.698   -2.609
            0.000000  0.056734  0.000000
  -73.986  -40.353  -40.460  -40.347  -19.871  -18.348  -11.405   -8.451   -7.632   -7.282
   -8.311   -7.094   -4.898   -2.602   -2.640   -2.700   -2.600
            0.000000  0.060071  0.000000
  -73.986  -40.353  -40.460  -40.347  -19.867  -18.346  -11.400   -8.464   -7.649   -7.289
   -8.308   -7.085   -4.902   -2.604   -2.646   -2.702   -2.591
            0.000000  0.063408  0.000000
  -73.986  -40.354  -40.459  -40.348  -19.863  -18.345  -11.395   -8.477   -7.667   -7.296
   -8.304   -7.076   -4.907   -2.607   -2.654   -2.705   -2.582
            0.000000  0.066746  0.000000
  -73.986  -40.355  -40.459  -40.348  -19.858  -18.344  -11.389   -8.491   -7.685   -7.303
   -8.300   -7.068   -4.912   -2.610   -2.661   -2.707   -2.572
            0.000000  0.070083  0.000000
  -73.986  -40.356  -40.459  -40.348  -19.854  -18.342  -11.383   -8.506   -7.703   -7.311
   -8.296   -7.060   -4.917   -2.613   -2.669   -2.710   -2.562
            0.000000  0.073420  0.000000
  -73.986  -40.357  -40.459  -40.348  -19.849  -18.341  -11.377   -8.521   -7.721   -7.319
   -8.291   -7.052   -4.922   -2.616   -2.676   -2.712   -2.551
            0.000000  0.076758  0.000000
  -73.986  -40.358  -40.459  -40.349  -19.844  -18.339  -11.371   -8.537   -7.739   -7.327
   -8.287   -7.044   -4.928   -2.620   -2.684   -2.714   -2.540
            0.000000  0.080095  0.000000
  -73.985  -40.360  -40.458  -40.349  -19.838  -18.338  -11.364   -8.553   -7.758   -7.336
   -8.282   -7.037   -4.934   -2.623   -2.692   -2.717   -2.529
            0.000000  0.083432  0.000000
  -73.985  -40.361  -40.458  -40.349  -19.833  -18.336  -11.357   -8.570   -7.777   -7.344
   -8.277   -7.030   -4.941   -2.627   -2.701   -2.719   -2.517
            0.000000  0.086769  0.000000
  -73.985  -40.362  -40.458  -40.349  -19.827  -18.334  -11.350   -8.587   -7.796   -7.354
   -8.272   -7.024   -4.947   -2.630   -2.709   -2.721   -2.505
            0.000000  0.090107  0.000000
  -73.985  -40.363  -40.458  -40.350  -19.821  -18.332  -11.343   -8.605   -7.815   -7.363
   -8.267   -7.017   -4.954   -2.634   -2.717   -2.723   -2.492
            0.000000  0.093444  0.000000
  -73.985  -40.364  -40.458  -40.350  -19.814  -18.330  -11.335   -8.623   -7.834   -7.373
   -8.261   -7.011   -4.962   -2.638   -2.726   -2.724   -2.479
            0.000000  0.096781  0.000000
  -73.985  -40.366  -40.457  -40.350  -19.808  -18.328  -11.327   -8.642   -7.853   -7.383
   -8.256   -7.006   -4.969   -2.641   -2.734   -2.726   -2.466
            0.000000  0.100119  0.000000
  -73.985  -40.367  -40.457  -40.351  -19.801  -18.326  -11.319   -8.661   -7.873   -7.393
   -8.250   -7.000   -4.977   -2.645   -2.742   -2.727   -2.452
            0.000000  0.103456  0.000000
  -73.985  -40.369  -40.457  -40.351  -19.794  -18.324  -11.310   -8.681   -7.893   -7.403
   -8.244   -6.995   -4.986   -2.649   -2.751   -2.728   -2.438
            0.000000  0.106793  0.000000
  -73.984  -40.370  -40.457  -40.351  -19.787  -18.322  -11.302   -8.701   -7.912   -7.414
   -8.238   -6.991   -4.994   -2.653   -2.759   -2.729   -2.424
            0.000000  0.110130  0.000000
  -73.984  -40.372  -40.456  -40.352  -19.780  -18.320  -11.293   -8.722   -7.932   -7.425
   -8.231   -6.987   -5.004   -2.657   -2.767   -2.730   -2.409
            0.000000  0.113468  0.000000
  -73.984  -40.373  -40.456  -40.352  -19.772  -18.318  -11.284   -8.743   -7.953   -7.436
   -8.225   -6.983   -5.013   -2.662   -2.776   -2.731   -2.394
            0.000000  0.116805  0.000000
  -73.984  -40.375  -40.456  -40.352  -19.765  -18.315  -11.274   -8.764   -7.973   -7.448
   -8.218   -6.979   -5.023   -2.666   -2.783   -2.731   -2.378
            0.000000  0.120142  0.000000
  -73.984  -40.376  -40.455  -40.353  -19.757  -18.313  -11.264   -8.786   -7.993   -7.459
   -8.211   -6.976   -5.033   -2.670   -2.791   -2.731   -2.363
            0.000000  0.123480  0.000000
  -73.984  -40.378  -40.455  -40.353  -19.749  -18.311  -11.255   -8.808   -8.014   -7.471
   -8.204   -6.973   -5.043   -2.674   -2.799   -2.730   -2.347
            0.000000  0.126817  0.000000
  -73.983  -40.380  -40.455  -40.353  -19.740  -18.308  -11.244   -8.830   -8.034   -7.483
   -8.197   -6.971   -5.054   -2.679   -2.806   -2.730   -2.331
            0.000000  0.130154  0.000000
  -73.983  -40.381  -40.454  -40.354  -19.732  -18.306  -11.234   -8.853   -8.055   -7.495
   -8.189   -6.968   -5.065   -2.683   -2.814   -2.729   -2.314
            0.000000  0.133491  0.000000
  -73.983  -40.383  -40.454  -40.354  -19.723  -18.303  -11.224   -8.876   -8.075   -7.508
   -8.182   -6.967   -5.077   -2.687   -2.821   -2.728   -2.298
            0.000000  0.136829  0.000000
  -73.983  -40.385  -40.454  -40.355  -19.714  -18.300  -11.213   -8.899   -8.096   -7.520
   -8.174   -6.965   -5.089   -2.692   -2.827   -2.726   -2.281
            0.000000  0.140166  0.000000
  -73.983  -40.387  -40.453  -40.355  -19.705  -18.298  -11.202   -8.923   -8.117   -7.533
   -8.166   -6.964   -5.101   -2.696   -2.834   -2.724   -2.264
            0.000000  0.143503  0.000000
  -73.983  -40.389  -40.453  -40.355  -19.695  -18.295  -11.191   -8.947   -8.138   -7.546
   -8.158   -6.963   -5.113   -2.701   -2.840   -2.722   -2.246
            0.000000  0.146841  0.000000
  -73.983  -40.391  -40.453  -40.356  -19.686  -18.292  -11.180   -8.971   -8.160   -7.559
   -8.150   -6.963   -5.126   -2.705   -2.846   -2.719   -2.229
            0.000000  0.150178  0.000000
  -73.983  -40.392  -40.452  -40.356  -19.676  -18.289  -11.168   -8.995   -8.181   -7.572
   -8.142   -6.963   -5.139   -2.709   -2.852   -2.716   -2.211
            0.000000  0.153515  0.000000
  -73.983  -40.394  -40.452  -40.357  -19.666  -18.286  -11.156   -9.020   -8.202   -7.585
   -8.133   -6.963   -5.153   -2.714   -2.857   -2.713   -2.193
            0.000000  0.156852  0.000000
  -73.982  -40.396  -40.452  -40.357  -19.656  -18.283  -11.145   -9.045   -8.223   -7.599
   -8.124   -6.963   -5.167   -2.718   -2.862   -2.709   -2.175
            0.000000  0.160190  0.000000
  -73.982  -40.398  -40.451  -40.358  -19.646  -18.280  -11.132   -9.069   -8.245   -7.612
   -8.116   -6.964   -5.181   -2.723   -2.867   -2.705   -2.157
            0.000000  0.163527  0.000000
  -73.982  -40.401  -40.451  -40.358  -19.636  -18.277  -11.120   -9.095   -8.267   -7.626
   -8.107   -6.965   -5.196   -2.727   -2.871   -2.700   -2.138
            0.000000  0.166864  0.000000
  -73.982  -40.403  -40.450  -40.359  -19.625  -18.274  -11.108   -9.120   -8.288   -7.640
   -8.098   -6.967   -5.211   -2.731   -2.875   -2.695   -2.120
            0.000000  0.170202  0.000000
  -73.982  -40.405  -40.450  -40.359  -19.614  -18.270  -11.095   -9.145   -8.310   -7.653
   -8.088   -6.968   -5.226   -2.735   -2.879   -2.690   -2.101
            0.000000  0.173539  0.000000
  -73.982  -40.407  -40.450  -40.360  -19.603  -18.267  -11.083   -9.171   -8.332   -7.667
   -8.079   -6.970   -5.241   -2.740   -2.882   -2.685   -2.082
            0.000000  0.176876  0.000000
  -73.982  -40.409  -40.449  -40.360  -19.592  -18.264  -11.070   -9.196   -8.354   -7.681
   -8.069   -6.973   -5.257   -2.744   -2.885   -2.679   -2.063
            0.000000  0.180213  0.000000
  -73.982  -40.411  -40.449  -40.361  -19.581  -18.260  -11.057   -9.222   -8.375   -7.695
   -8.060   -6.975   -5.273   -2.748   -2.888   -2.672   -2.044
            0.000000  0.183551  0.000000
  -73.982  -40.414  -40.448  -40.361  -19.569  -18.257  -11.044   -9.248   -8.397   -7.710
   -8.050   -6.978   -5.289   -2.752   -2.890   -2.665   -2.025
            0.000000  0.186888  0.000000
  -73.982  -40.416  -40.448  -40.362  -19.558  -18.253  -11.031   -9.273   -8.419   -7.724
   -8.040   -6.981   -5.306   -2.756   -2.892   -2.658   -2.006
            0.000000  0.190225  0.000000
  -73.982  -40.418  -40.447  -40.362  -19.546  -18.250  -11.017   -9.299   -8.442   -7.738
   -8.030   -6.984   -5.323   -2.759   -2.894   -2.651   -1.987
            0.000000  0.193563  0.000000
  -73.982  -40.420  -40.447  -40.363  -19.534  -18.246  -11.004   -9.325   -8.464   -7.752
   -8.020   -6.988   -5.340   -2.763   -2.895   -2.643   -1.968
            0.000000  0.196900  0.000000
  -73.983  -40.423  -40.447  -40.363  -19.522  -18.243  -10.990   -9.351   -8.486   -7.767
   -8.010   -6.992   -5.357   -2.767   -2.896   -2.635   -1.948
            0.000000  0.200237  0.000000
  -73.983  -40.425  -40.446  -40.364  -19.510  -18.239  -10.977   -9.377   -8.508   -7.781
   -8.000   -6.996   -5.375   -2.770   -2.897   -2.626   -1.929
            0.000000  0.203574  0.000000
  -73.983  -40.428  -40.446  -40.364  -19.497  -18.235  -10.963   -9.402   -8.530   -7.796
   -7.989   -7.000   -5.393   -2.774   -2.897   -2.617   -1.909
            0.000000  0.206912  0.000000
  -73.983  -40.430  -40.445  -40.365  -19.485  -18.232  -10.949   -9.428   -8.553   -7.810
   -7.979   -7.004   -5.411   -2.777   -2.897   -2.608   -1.890
            0.000000  0.210249  0.000000
  -73.983  -40.432  -40.445  -40.366  -19.472  -18.228  -10.936   -9.453   -8.575   -7.825
   -7.969   -7.009   -5.429   -2.780   -2.897   -2.598   -1.871
            0.000000  0.213586  0.000000
  -73.983  -40.435  -40.444  -40.366  -19.459  -18.224  -10.922   -9.479   -8.598   -7.839
   -7.958   -7.014   -5.447   -2.783   -2.897   -2.588   -1.851
            0.000000  0.216924  0.000000
  -73.983  -40.437  -40.444  -40.367  -19.446  -18.220  -10.908   -9.504   -8.620   -7.854
   -7.947   -7.019   -5.466   -2.786   -2.896   -2.578   -1.832
            0.000000  0.220261  0.000000
  -73.982  -40.440  -40.443  -40.367  -19.433  -18.216  -10.895   -9.529   -8.643   -7.868
   -7.937   -7.024   -5.484   -2.788   -2.895   -2.567   -1.812
            0.000000  0.223598  0.000000
  -73.982  -40.442  -40.443  -40.368  -19.420  -18.212  -10.881   -9.554   -8.665   -7.883
   -7.926   -7.029   -5.503   -2.791   -2.893   -2.556   -1.793
            0.000000  0.226935  0.000000
  -73.982  -40.445  -40.442  -40.369  -19.407  -18.208  -10.867   -9.579   -8.687   -7.897
   -7.915   -7.034   -5.522   -2.793   -2.891   -2.545   -1.773
            0.000000  0.230273  0.000000
  -73.982  -40.447  -40.442  -40.369  -19.393  -18.204  -10.854   -9.604   -8.710   -7.912
   -7.905   -7.040   -5.541   -2.796   -2.889   -2.533   -1.754
            0.000000  0.233610  0.000000
  -73.982  -40.450  -40.441  -40.370  -19.380  -18.200  -10.841   -9.628   -8.733   -7.926
   -7.894   -7.045   -5.560   -2.798   -2.886   -2.521   -1.735
            0.000000  0.236947  0.000000
  -73.982  -40.452  -40.441  -40.370  -19.366  -18.196  -10.827   -9.652   -8.755   -7.941
   -7.883   -7.051   -5.579   -2.800   -2.884   -2.509   -1.715
            0.000000  0.240285  0.000000
  -73.982  -40.455  -40.441  -40.371  -19.352  -18.192  -10.814   -9.676   -8.778   -7.955
   -7.872   -7.057   -5.598   -2.801   -2.881   -2.497   -1.696
            0.000000  0.243622  0.000000
  -73.982  -40.457  -40.440  -40.371  -19.338  -18.188  -10.802   -9.700   -8.800   -7.970
   -7.861   -7.063   -5.618   -2.803   -2.877   -2.484   -1.677
            0.000000  0.246959  0.000000
  -73.982  -40.460  -40.440  -40.372  -19.324  -18.184  -10.789   -9.723   -8.823   -7.984
   -7.851   -7.069   -5.637   -2.804   -2.873   -2.471   -1.658
            0.000000  0.250296  0.000000
  -73.981  -40.463  -40.439  -40.373  -19.310  -18.179  -10.777   -9.745   -8.845   -7.998
   -7.840   -7.075   -5.656   -2.806   -2.869   -2.458   -1.639
            0.000000  0.253634  0.000000
  -73.981  -40.465  -40.439  -40.373  -19.296  -18.175  -10.765   -9.768   -8.868   -8.013
   -7.829   -7.081   -5.675   -2.807   -2.865   -2.445   -1.620
            0.000000  0.256971  0.000000
  -73.981  -40.468  -40.438  -40.374  -19.282  -18.171  -10.754   -9.790   -8.890   -8.027
   -7.818   -7.088   -5.695   -2.808   -2.860   -2.431   -1.601
            0.000000  0.260308  0.000000
  -73.981  -40.470  -40.438  -40.375  -19.267  -18.167  -10.743   -9.811   -8.913   -8.041
   -7.807   -7.094   -5.714   -2.808   -2.855   -2.417   -1.583
            0.000000  0.263645  0.000000
  -73.981  -40.473  -40.437  -40.375  -19.253  -18.162  -10.732   -9.831   -8.935   -8.055
   -7.796   -7.100   -5.733   -2.809   -2.850   -2.403   -1.564
            0.000000  0.266983  0.000000
  -73.981  -40.476  -40.437  -40.376  -19.238  -18.158  -10.722   -9.852   -8.958   -8.069
   -7.785   -7.107   -5.752   -2.809   -2.844   -2.389   -1.546
            0.000000  0.270320  0.000000
  -73.980  -40.478  -40.436  -40.376  -19.224  -18.154  -10.713   -9.871   -8.980   -8.083
   -7.774   -7.113   -5.771   -2.809   -2.838   -2.375   -1.527
            0.000000  0.273657  0.000000
  -73.980  -40.481  -40.436  -40.377  -19.209  -18.149  -10.704   -9.890   -9.002   -8.097
   -7.764   -7.120   -5.790   -2.809   -2.832   -2.360   -1.509
            0.000000  0.276995  0.000000
  -73.980  -40.484  -40.435  -40.378  -19.194  -18.145  -10.696   -9.907   -9.025   -8.111
   -7.753   -7.126   -5.809   -2.809   -2.825   -2.345   -1.491
            0.000000  0.280332  0.000000
  -73.980  -40.486  -40.434  -40.378  -19.179  -18.140  -10.689   -9.924   -9.047   -8.125
   -7.742   -7.133   -5.827   -2.809   -2.818   -2.330   -1.473
            0.000000  0.283669  0.000000
  -73.979  -40.489  -40.434  -40.379  -19.164  -18.136  -10.683   -9.940   -9.069   -8.139
   -7.731   -7.139   -5.846   -2.808   -2.811   -2.316   -1.455
            0.000000  0.287006  0.000000
  -73.979  -40.491  -40.433  -40.379  -19.149  -18.132  -10.678   -9.955   -9.091   -8.153
   -7.720   -7.146   -5.864   -2.807   -2.804   -2.300   -1.438
            0.000000  0.290344  0.000000
  -73.979  -40.494  -40.433  -40.380  -19.134  -18.127  -10.674   -9.969   -9.113   -8.166
   -7.709   -7.152   -5.882   -2.806   -2.796   -2.285   -1.420
            0.000000  0.293681  0.000000
  -73.979  -40.497  -40.432  -40.381  -19.119  -18.123  -10.672   -9.981   -9.135   -8.180
   -7.699   -7.159   -5.900   -2.805   -2.788   -2.270   -1.403
            0.000000  0.297018  0.000000
  -73.979  -40.499  -40.432  -40.381  -19.104  -18.118  -10.670   -9.992   -9.157   -8.193
   -7.688   -7.165   -5.917   -2.804   -2.780   -2.255   -1.386
            0.000000  0.300356  0.000000
  -73.979  -40.502  -40.431  -40.382  -19.089  -18.114  -10.670  -10.002   -9.179   -8.207
   -7.677   -7.172   -5.935   -2.802   -2.771   -2.239   -1.369
            0.000000  0.303693  0.000000
  -73.979  -40.504  -40.431  -40.382  -19.074  -18.109  -10.671  -10.011   -9.201   -8.220
   -7.667   -7.178   -5.952   -2.800   -2.763   -2.224   -1.352
            0.000000  0.307030  0.000000
  -73.978  -40.507  -40.430  -40.383  -19.058  -18.105  -10.673  -10.018   -9.223   -8.233
   -7.656   -7.185   -5.968   -2.798   -2.754   -2.208   -1.336
            0.000000  0.310367  0.000000
  -73.978  -40.510  -40.430  -40.384  -19.043  -18.100  -10.677  -10.024   -9.244   -8.246
   -7.645   -7.191   -5.985   -2.796   -2.745   -2.193   -1.319
            0.000000  0.313705  0.000000
  -73.978  -40.512  -40.429  -40.384  -19.028  -18.096  -10.682  -10.028   -9.266   -8.259
   -7.635   -7.197   -6.001   -2.793   -2.736   -2.177   -1.303
            0.000000  0.317042  0.000000
  -73.978  -40.515  -40.429  -40.385  -19.013  -18.091  -10.689  -10.031   -9.287   -8.272
   -7.624   -7.204   -6.017   -2.791   -2.726   -2.162   -1.287
            0.000000  0.320379  0.000000
  -73.978  -40.517  -40.428  -40.385  -18.997  -18.087  -10.696  -10.032   -9.309   -8.284
   -7.614   -7.210   -6.032   -2.788   -2.717   -2.146   -1.271
            0.000000  0.323717  0.000000
  -73.978  -40.520  -40.428  -40.386  -18.982  -18.082  -10.705  -10.032   -9.330   -8.297
   -7.604   -7.216   -6.047   -2.785   -2.707   -2.130   -1.255
            0.000000  0.327054  0.000000
  -73.978  -40.522  -40.427  -40.387  -18.967  -18.078  -10.716  -10.031   -9.351   -8.310
   -7.593   -7.222   -6.062   -2.781   -2.697   -2.115   -1.240
            0.000000  0.330391  0.000000
  -73.978  -40.525  -40.427  -40.387  -18.951  -18.073  -10.727  -10.029   -9.372   -8.322
   -7.583   -7.228   -6.076   -2.777   -2.687   -2.099   -1.224
            0.000000  0.333728  0.000000
  -73.978  -40.528  -40.426  -40.388  -18.936  -18.069  -10.739  -10.026   -9.393   -8.334
   -7.573   -7.234   -6.090   -2.774   -2.677   -2.084   -1.209
            0.000000  0.337066  0.000000
  -73.978  -40.530  -40.426  -40.388  -18.921  -18.064  -10.752  -10.022   -9.413   -8.346
   -7.563   -7.240   -6.103   -2.769   -2.667   -2.068   -1.194
            0.000000  0.340403  0.000000
  -73.978  -40.533  -40.425  -40.389  -18.905  -18.060  -10.766  -10.017   -9.434   -8.358
   -7.553   -7.246   -6.116   -2.765   -2.657   -2.053   -1.180
            0.000000  0.343740  0.000000
  -73.978  -40.535  -40.425  -40.390  -18.890  -18.055  -10.781  -10.011   -9.454   -8.370
   -7.543   -7.252   -6.129   -2.760   -2.647   -2.038   -1.165
            0.000000  0.347078  0.000000
  -73.978  -40.538  -40.424  -40.390  -18.875  -18.051  -10.796  -10.004   -9.474   -8.382
   -7.533   -7.258   -6.141   -2.755   -2.636   -2.022   -1.151
            0.000000  0.350415  0.000000
  -73.978  -40.540  -40.424  -40.391  -18.860  -18.046  -10.812   -9.997   -9.495   -8.394
   -7.523   -7.263   -6.153   -2.750   -2.626   -2.007   -1.137
            0.000000  0.353752  0.000000
  -73.978  -40.543  -40.423  -40.391  -18.844  -18.042  -10.828   -9.990   -9.515   -8.405
   -7.514   -7.269   -6.164   -2.745   -2.616   -1.992   -1.123
            0.000000  0.357089  0.000000
  -73.978  -40.545  -40.423  -40.392  -18.829  -18.038  -10.845   -9.982   -9.534   -8.417
   -7.504   -7.274   -6.175   -2.740   -2.605   -1.977   -1.110
            0.000000  0.360427  0.000000
  -73.978  -40.547  -40.423  -40.392  -18.814  -18.033  -10.862   -9.973   -9.554   -8.428
   -7.495   -7.280   -6.185   -2.734   -2.595   -1.963   -1.096
            0.000000  0.363764  0.000000
  -73.977  -40.550  -40.422  -40.393  -18.799  -18.029  -10.879   -9.965   -9.573   -8.439
   -7.486   -7.285   -6.195   -2.728   -2.585   -1.948   -1.083
            0.000000  0.367101  0.000000
  -73.977  -40.552  -40.422  -40.394  -18.784  -18.025  -10.896   -9.956   -9.593   -8.450
   -7.476   -7.290   -6.204   -2.721   -2.574   -1.933   -1.070
            0.000000  0.370439  0.000000
  -73.977  -40.555  -40.421  -40.394  -18.769  -18.020  -10.914   -9.947   -9.612   -8.461
   -7.467   -7.296   -6.213   -2.715   -2.564   -1.919   -1.057
            0.000000  0.373776  0.000000
  -73.977  -40.557  -40.421  -40.395  -18.755  -18.016  -10.932   -9.937   -9.630   -8.471
   -7.458   -7.301   -6.222   -2.708   -2.554   -1.905   -1.045
            0.000000  0.377113  0.000000
  -73.977  -40.559  -40.420  -40.395  -18.740  -18.012  -10.949   -9.928   -9.649   -8.482
   -7.450   -7.306   -6.230   -2.702   -2.543   -1.891   -1.032
            0.000000  0.380450  0.000000
  -73.976  -40.562  -40.420  -40.396  -18.725  -18.007  -10.967   -9.919   -9.668   -8.492
   -7.441   -7.311   -6.237   -2.695   -2.533   -1.877   -1.020
            0.000000  0.383788  0.000000
  -73.976  -40.564  -40.419  -40.396  -18.711  -18.003  -10.985   -9.910   -9.686   -8.503
   -7.433   -7.315   -6.244   -2.687   -2.522   -1.863   -1.008
            0.000000  0.387125  0.000000
  -73.976  -40.566  -40.419  -40.397  -18.696  -17.999  -11.003   -9.900   -9.704   -8.513
   -7.424   -7.320   -6.250   -2.680   -2.512   -1.850   -0.997
            0.000000  0.390462  0.000000
  -73.975  -40.568  -40.418  -40.397  -18.682  -17.995  -11.021   -9.891   -9.722   -8.523
   -7.416   -7.325   -6.256   -2.673   -2.501   -1.837   -0.985
            0.000000  0.393800  0.000000
  -73.975  -40.571  -40.418  -40.398  -18.668  -17.991  -11.039   -9.882   -9.739   -8.532
   -7.408   -7.329   -6.262   -2.665   -2.491   -1.824   -0.974
            0.000000  0.397137  0.000000
  -73.975  -40.573  -40.418  -40.399  -18.654  -17.987  -11.056   -9.873   -9.757   -8.542
   -7.400   -7.334   -6.267   -2.657   -2.480   -1.811   -0.963
            0.000000  0.400474  0.000000
  -73.974  -40.575  -40.417  -40.399  -18.640  -17.983  -11.074   -9.864   -9.774   -8.552
   -7.392   -7.338   -6.271   -2.649   -2.470   -1.798   -0.952
            0.000000  0.403811  0.000000
  -73.974  -40.577  -40.417  -40.400  -18.626  -17.979  -11.092   -9.856   -9.791   -8.561
   -7.384   -7.343   -6.275   -2.641   -2.459   -1.786   -0.942
            0.000000  0.407149  0.000000
  -73.973  -40.579  -40.416  -40.400  -18.612  -17.975  -11.109   -9.847   -9.808   -8.570
   -7.377   -7.347   -6.278   -2.633   -2.448   -1.774   -0.932
            0.000000  0.410486  0.000000
  -73.973  -40.581  -40.416  -40.401  -18.598  -17.971  -11.126   -9.839   -9.824   -8.579
   -7.369   -7.351   -6.282   -2.625   -2.437   -1.762   -0.921
            0.000000  0.413823  0.000000
  -73.973  -40.583  -40.416  -40.401  -18.585  -17.967  -11.143   -9.831   -9.840   -8.588
   -7.362   -7.355   -6.284   -2.616   -2.426   -1.750   -0.912
            0.000000  0.417161  0.000000
  -73.972  -40.585  -40.415  -40.402  -18.572  -17.963  -11.160   -9.824   -9.856   -8.597
   -7.355   -7.359   -6.286   -2.608   -2.415   -1.739   -0.902
            0.000000  0.420498  0.000000
  -73.972  -40.587  -40.415  -40.402  -18.558  -17.960  -11.177   -9.816   -9.872   -8.605
   -7.348   -7.362   -6.288   -2.600   -2.404   -1.728   -0.893
            0.000000  0.423835  0.000000
  -73.971  -40.589  -40.414  -40.402  -18.545  -17.956  -11.193   -9.809   -9.887   -8.614
   -7.341   -7.366   -6.289   -2.591   -2.392   -1.717   -0.884
            0.000000  0.427172  0.000000
  -73.971  -40.591  -40.414  -40.403  -18.532  -17.952  -11.210   -9.802   -9.903   -8.622
   -7.335   -7.370   -6.290   -2.583   -2.381   -1.706   -0.875
            0.000000  0.430510  0.000000
  -73.971  -40.593  -40.414  -40.403  -18.520  -17.949  -11.226   -9.796   -9.917   -8.630
   -7.328   -7.373   -6.290   -2.574   -2.369   -1.696   -0.866
            0.000000  0.433847  0.000000
  -73.971  -40.595  -40.413  -40.404  -18.507  -17.945  -11.242   -9.789   -9.932   -8.638
   -7.322   -7.377   -6.290   -2.566   -2.357   -1.686   -0.857
            0.000000  0.437184  0.000000
  -73.971  -40.597  -40.413  -40.404  -18.495  -17.942  -11.257   -9.783   -9.946   -8.645
   -7.315   -7.380   -6.290   -2.557   -2.345   -1.676   -0.849
            0.000000  0.440522  0.000000
  -73.971  -40.598  -40.413  -40.405  -18.483  -17.938  -11.273   -9.777   -9.961   -8.653
   -7.309   -7.383   -6.289   -2.549   -2.333   -1.667   -0.841
            0.000000  0.443859  0.000000
  -73.971  -40.600  -40.412  -40.405  -18.471  -17.935  -11.288   -9.772   -9.974   -8.660
   -7.303   -7.387   -6.288   -2.540   -2.321   -1.657   -0.833
            0.000000  0.447196  0.000000
  -73.971  -40.602  -40.412  -40.405  -18.459  -17.931  -11.303   -9.767   -9.988   -8.668
   -7.297   -7.390   -6.286   -2.532   -2.308   -1.648   -0.826
            0.000000  0.450533  0.000000
  -73.971  -40.603  -40.412  -40.406  -18.447  -17.928  -11.318   -9.761  -10.001   -8.675
   -7.291   -7.393   -6.284   -2.523   -2.295   -1.640   -0.818
            0.000000  0.453871  0.000000
  -73.971  -40.605  -40.411  -40.406  -18.436  -17.925  -11.332   -9.757  -10.014   -8.681
   -7.286   -7.396   -6.282   -2.515   -2.283   -1.631   -0.811
            0.000000  0.457208  0.000000
  -73.971  -40.607  -40.411  -40.407  -18.425  -17.922  -11.346   -9.752  -10.027   -8.688
   -7.280   -7.398   -6.280   -2.506   -2.270   -1.623   -0.804
            0.000000  0.460545  0.000000
  -73.971  -40.608  -40.411  -40.407  -18.414  -17.919  -11.360   -9.748  -10.039   -8.695
   -7.275   -7.401   -6.277   -2.498   -2.257   -1.615   -0.797
            0.000000  0.463883  0.000000
  -73.971  -40.610  -40.410  -40.407  -18.403  -17.916  -11.374   -9.744  -10.051   -8.701
   -7.270   -7.404   -6.274   -2.490   -2.244   -1.608   -0.791
            0.000000  0.467220  0.000000
  -73.972  -40.611  -40.410  -40.408  -18.393  -17.913  -11.387   -9.740  -10.063   -8.707
   -7.265   -7.406   -6.271   -2.482   -2.231   -1.600   -0.784
            0.000000  0.470557  0.000000
  -73.972  -40.612  -40.410  -40.408  -18.383  -17.910  -11.400   -9.736  -10.074   -8.713
   -7.260   -7.409   -6.267   -2.474   -2.218   -1.593   -0.778
            0.000000  0.473894  0.000000
  -73.973  -40.614  -40.410  -40.408  -18.373  -17.907  -11.413   -9.733  -10.085   -8.719
   -7.255   -7.411   -6.264   -2.466   -2.205   -1.586   -0.772
            0.000000  0.477232  0.000000
  -73.973  -40.615  -40.409  -40.409  -18.363  -17.905  -11.425   -9.730  -10.096   -8.725
   -7.251   -7.413   -6.260   -2.458   -2.192   -1.580   -0.767
            0.000000  0.480569  0.000000
  -73.973  -40.617  -40.409  -40.409  -18.354  -17.902  -11.437   -9.727  -10.106   -8.730
   -7.246   -7.416   -6.256   -2.450   -2.179   -1.573   -0.761
            0.000000  0.483906  0.000000
  -73.974  -40.618  -40.409  -40.409  -18.344  -17.899  -11.449   -9.724  -10.116   -8.735
   -7.242   -7.418   -6.252   -2.443   -2.166   -1.567   -0.756
            0.000000  0.487244  0.000000
  -73.974  -40.619  -40.408  -40.409  -18.335  -17.897  -11.460   -9.721  -10.126   -8.740
   -7.238   -7.420   -6.247   -2.435   -2.153   -1.562   -0.751
            0.000000  0.490581  0.000000
  -73.975  -40.620  -40.408  -40.410  -18.327  -17.894  -11.471   -9.719  -10.135   -8.745
   -7.234   -7.422   -6.243   -2.428   -2.140   -1.556   -0.746
            0.000000  0.493918  0.000000
  -73.975  -40.621  -40.408  -40.410  -18.318  -17.892  -11.482   -9.716  -10.145   -8.750
   -7.230   -7.424   -6.239   -2.421   -2.128   -1.551   -0.741
            0.000000  0.497255  0.000000
  -73.975  -40.622  -40.408  -40.410  -18.310  -17.890  -11.492   -9.714  -10.153   -8.755
   -7.227   -7.425   -6.234   -2.414   -2.116   -1.546   -0.737
            0.000000  0.500593  0.000000
  -73.976  -40.624  -40.408  -40.411  -18.303  -17.888  -11.501   -9.712  -10.162   -8.759
   -7.223   -7.427   -6.230   -2.407   -2.104   -1.541   -0.732
            0.000000  0.503930  0.000000
  -73.976  -40.625  -40.407  -40.411  -18.295  -17.886  -11.511   -9.710  -10.170   -8.763
   -7.220   -7.429   -6.225   -2.400   -2.092   -1.536   -0.728
            0.000000  0.507267  0.000000
  -73.976  -40.626  -40.407  -40.411  -18.288  -17.884  -11.520   -9.708  -10.178   -8.767
   -7.216   -7.430   -6.221   -2.394   -2.081   -1.532   -0.724
            0.000000  0.510605  0.000000
  -73.976  -40.626  -40.407  -40.411  -18.281  -17.882  -11.528   -9.706  -10.185   -8.771
   -7.213   -7.432   -6.217   -2.387   -2.070   -1.528   -0.720
            0.000000  0.513942  0.000000
  -73.976  -40.627  -40.407  -40.411  -18.275  -17.880  -11.537   -9.704  -10.192   -8.775
   -7.211   -7.433   -6.212   -2.381   -2.059   -1.524   -0.717
            0.000000  0.517279  0.000000
  -73.976  -40.628  -40.407  -40.412  -18.268  -17.878  -11.544   -9.703  -10.199   -8.778
   -7.208   -7.434   -6.208   -2.375   -2.049   -1.520   -0.713
            0.000000  0.520616  0.000000
  -73.976  -40.629  -40.406  -40.412  -18.262  -17.877  -11.552   -9.701  -10.205   -8.781
   -7.205   -7.436   -6.204   -2.370   -2.040   -1.517   -0.710
            0.000000  0.523954  0.000000
  -73.976  -40.630  -40.406  -40.412  -18.257  -17.875  -11.559   -9.700  -10.211   -8.784
   -7.203   -7.437   -6.200   -2.364   -2.030   -1.514   -0.707
            0.000000  0.527291  0.000000
  -73.976  -40.630  -40.406  -40.412  -18.251  -17.874  -11.565   -9.698  -10.217   -8.787
   -7.201   -7.438   -6.196   -2.359   -2.022   -1.511   -0.704
            0.000000  0.530628  0.000000
  -73.976  -40.631  -40.406  -40.412  -18.247  -17.872  -11.571   -9.697  -10.222   -8.790
   -7.199   -7.439   -6.192   -2.354   -2.013   -1.508   -0.702
            0.000000  0.533966  0.000000
  -73.976  -40.632  -40.406  -40.412  -18.242  -17.871  -11.577   -9.696  -10.227   -8.793
   -7.197   -7.440   -6.188   -2.350   -2.006   -1.505   -0.699
            0.000000  0.537303  0.000000
  -73.976  -40.632  -40.406  -40.413  -18.238  -17.870  -11.582   -9.695  -10.231   -8.795
   -7.195   -7.441   -6.185   -2.346   -1.999   -1.503   -0.697
            0.000000  0.540640  0.000000
  -73.975  -40.633  -40.406  -40.413  -18.234  -17.869  -11.587   -9.694  -10.236   -8.797
   -7.193   -7.442   -6.182   -2.342   -1.992   -1.501   -0.695
            0.000000  0.543977  0.000000
  -73.975  -40.633  -40.406  -40.413  -18.230  -17.868  -11.592   -9.693  -10.240   -8.799
   -7.192   -7.443   -6.179   -2.338   -1.986   -1.499   -0.693
            0.000000  0.547315  0.000000
  -73.975  -40.634  -40.406  -40.413  -18.227  -17.867  -11.596   -9.692  -10.243   -8.801
   -7.191   -7.443   -6.176   -2.335   -1.980   -1.497   -0.691
            0.000000  0.550652  0.000000
  -73.974  -40.634  -40.405  -40.413  -18.224  -17.866  -11.599   -9.692  -10.246   -8.802
   -7.189   -7.444   -6.174   -2.331   -1.975   -1.495   -0.690
            0.000000  0.553989  0.000000
  -73.974  -40.635  -40.405  -40.413  -18.221  -17.865  -11.602   -9.691  -10.249   -8.804
   -7.188   -7.444   -6.172   -2.329   -1.971   -1.494   -0.688
            0.000000  0.557327  0.000000
  -73.974  -40.635  -40.405  -40.413  -18.219  -17.865  -11.605   -9.690  -10.251   -8.805
   -7.187   -7.445   -6.170   -2.326   -1.967   -1.493   -0.687
            0.000000  0.560664  0.000000
  -73.973  -40.635  -40.405  -40.413  -18.217  -17.864  -11.607   -9.690  -10.253   -8.806
   -7.187   -7.445   -6.168   -2.324   -1.964   -1.492   -0.686
            0.000000  0.564001  0.000000
  -73.973  -40.635  -40.405  -40.413  -18.216  -17.864  -11.609   -9.690  -10.255   -8.807
   -7.186   -7.445   -6.167   -2.323   -1.962   -1.491   -0.685
            0.000000  0.567338  0.000000
  -73.973  -40.635  -40.405  -40.413  -18.214  -17.863  -11.611   -9.689  -10.256   -8.808
   -7.186   -7.446   -6.166   -2.321   -1.959   -1.490   -0.685
            0.000000  0.570676  0.000000
  -73.973  -40.636  -40.405  -40.413  -18.213  -17.863  -11.612   -9.689  -10.257   -8.808
   -7.185   -7.446   -6.165   -2.321   -1.958   -1.490   -0.684
            0.000000  0.574013  0.000000
  -73.973  -40.636  -40.405  -40.413  -18.213  -17.863  -11.612   -9.689  -10.258   -8.808
   -7.185   -7.446   -6.165   -2.320   -1.957   -1.490   -0.684
            0.000000  0.577350  0.000000
  -73.973  -40.636  -40.405  -40.413  -18.213  -17.863  -11.612   -9.689  -10.258   -8.808
   -7.185   -7.446   -6.164   -2.320   -1.957   -1.490   -0.684
            0.003333  0.577350  0.000000
  -73.973  -40.636  -40.405  -40.413  -18.213  -17.863  -11.612   -9.689  -10.258   -8.808
   -7.186   -7.446   -6.164   -2.320   -1.957   -1.489   -0.684
            0.006667  0.577350  0.000000
  -73.973  -40.636  -40.405  -40.414  -18.213  -17.863  -11.612   -9.689  -10.258   -8.808
   -7.188   -7.446   -6.163   -2.320   -1.957   -1.488   -0.685
            0.010000  0.577350  0.000000
  -73.972  -40.636  -40.405  -40.414  -18.212  -17.863  -11.611   -9.689  -10.259   -8.809
   -7.192   -7.446   -6.161   -2.321   -1.957   -1.487   -0.688
            0.013333  0.577350  0.000000
  -73.972  -40.635  -40.405  -40.414  -18.212  -17.863  -11.610   -9.688  -10.260   -8.809
   -7.198   -7.446   -6.158   -2.322   -1.957   -1.484   -0.691
            0.016667  0.577350  0.000000
  -73.972  -40.635  -40.405  -40.414  -18.211  -17.862  -11.608   -9.688  -10.261   -8.809
   -7.205   -7.446   -6.155   -2.323   -1.957   -1.482   -0.695
            0.020000  0.577350  0.000000
  -73.972  -40.635  -40.405  -40.414  -18.211  -17.862  -11.607   -9.687  -10.263   -8.809
   -7.213   -7.446   -6.150   -2.324   -1.958   -1.478   -0.699
            0.023333  0.577350  0.000000
  -73.971  -40.635  -40.405  -40.414  -18.210  -17.862  -11.604   -9.687  -10.264   -8.809
   -7.223   -7.446   -6.145   -2.326   -1.958   -1.474   -0.705
            0.026667  0.577350  0.000000
  -73.971  -40.635  -40.405  -40.415  -18.210  -17.861  -11.602   -9.686  -10.266   -8.809
   -7.234   -7.445   -6.140   -2.328   -1.958   -1.469   -0.711
            0.030000  0.577350  0.000000
  -73.970  -40.635  -40.405  -40.415  -18.209  -17.861  -11.599   -9.685  -10.268   -8.809
   -7.247   -7.445   -6.134   -2.330   -1.958   -1.464   -0.718
            0.033333  0.577350  0.000000
  -73.970  -40.635  -40.405  -40.415  -18.208  -17.861  -11.596   -9.684  -10.271   -8.809
   -7.261   -7.445   -6.127   -2.333   -1.958   -1.458   -0.726
            0.036667  0.577350  0.000000
  -73.969  -40.634  -40.405  -40.416  -18.207  -17.860  -11.593   -9.683  -10.274   -8.810
   -7.277   -7.445   -6.120   -2.336   -1.957   -1.452   -0.735
            0.040000  0.577350  0.000000
  -73.969  -40.634  -40.405  -40.416  -18.206  -17.860  -11.589   -9.682  -10.277   -8.810
   -7.293   -7.445   -6.112   -2.339   -1.957   -1.445   -0.744
            0.043333  0.577350  0.000000
  -73.968  -40.634  -40.405  -40.417  -18.204  -17.859  -11.585   -9.681  -10.280   -8.810
   -7.311   -7.445   -6.104   -2.343   -1.956   -1.437   -0.754
            0.046667  0.577350  0.000000
  -73.968  -40.634  -40.405  -40.417  -18.203  -17.858  -11.581   -9.680  -10.283   -8.810
   -7.330   -7.445   -6.096   -2.347   -1.956   -1.429   -0.765
            0.050000  0.577350  0.000000
  -73.967  -40.633  -40.405  -40.418  -18.202  -17.858  -11.576   -9.679  -10.287   -8.810
   -7.350   -7.445   -6.087   -2.351   -1.954   -1.420   -0.776
            0.053333  0.577350  0.000000
  -73.967  -40.633  -40.405  -40.418  -18.200  -17.857  -11.571   -9.677  -10.291   -8.811
   -7.371   -7.444   -6.078   -2.356   -1.953   -1.411   -0.788
            0.056667  0.577350  0.000000
  -73.967  -40.633  -40.405  -40.419  -18.198  -17.856  -11.566   -9.676  -10.295   -8.811
   -7.392   -7.444   -6.068   -2.361   -1.951   -1.401   -0.800
            0.060000  0.577350  0.000000
  -73.966  -40.632  -40.405  -40.420  -18.197  -17.856  -11.561   -9.674  -10.300   -8.811
   -7.415   -7.444   -6.058   -2.367   -1.949   -1.390   -0.813
            0.063333  0.577350  0.000000
  -73.966  -40.632  -40.405  -40.420  -18.195  -17.855  -11.555   -9.673  -10.304   -8.811
   -7.439   -7.444   -6.049   -2.373   -1.946   -1.379   -0.826
            0.066667  0.577350  0.000000
  -73.965  -40.632  -40.405  -40.421  -18.193  -17.854  -11.549   -9.671  -10.309   -8.811
   -7.463   -7.444   -6.039   -2.380   -1.943   -1.368   -0.839
            0.070000  0.577350  0.000000
  -73.965  -40.631  -40.405  -40.422  -18.191  -17.853  -11.542   -9.670  -10.314   -8.811
   -7.489   -7.445   -6.028   -2.387   -1.940   -1.356   -0.853
            0.073333  0.577350  0.000000
  -73.965  -40.631  -40.405  -40.423  -18.189  -17.852  -11.536   -9.668  -10.319   -8.811
   -7.515   -7.445   -6.018   -2.394   -1.936   -1.344   -0.867
            0.076667  0.577350  0.000000
  -73.964  -40.630  -40.404  -40.424  -18.187  -17.851  -11.529   -9.667  -10.325   -8.811
   -7.541   -7.445   -6.008   -2.402   -1.931   -1.331   -0.882
            0.080000  0.577350  0.000000
  -73.964  -40.630  -40.404  -40.425  -18.185  -17.850  -11.521   -9.665  -10.331   -8.811
   -7.568   -7.445   -5.997   -2.411   -1.926   -1.318   -0.897
            0.083333  0.577350  0.000000
  -73.964  -40.630  -40.404  -40.426  -18.182  -17.849  -11.514   -9.663  -10.337   -8.811
   -7.596   -7.445   -5.987   -2.420   -1.921   -1.305   -0.911
            0.086667  0.577350  0.000000
  -73.964  -40.629  -40.404  -40.427  -18.180  -17.848  -11.506   -9.661  -10.343   -8.810
   -7.625   -7.446   -5.976   -2.429   -1.915   -1.291   -0.926
            0.090000  0.577350  0.000000
  -73.964  -40.629  -40.404  -40.428  -18.178  -17.847  -11.498   -9.659  -10.349   -8.810
   -7.654   -7.446   -5.966   -2.439   -1.909   -1.277   -0.941
            0.093333  0.577350  0.000000
  -73.964  -40.628  -40.404  -40.429  -18.175  -17.846  -11.489   -9.658  -10.356   -8.809
   -7.683   -7.447   -5.955   -2.450   -1.902   -1.263   -0.956
            0.096667  0.577350  0.000000
  -73.964  -40.628  -40.404  -40.430  -18.173  -17.844  -11.481   -9.656  -10.362   -8.809
   -7.713   -7.447   -5.944   -2.461   -1.895   -1.248   -0.970
            0.100000  0.577350  0.000000
  -73.964  -40.627  -40.404  -40.431  -18.170  -17.843  -11.472   -9.654  -10.369   -8.808
   -7.743   -7.448   -5.934   -2.472   -1.887   -1.234   -0.984
            0.103333  0.577350  0.000000
  -73.965  -40.626  -40.404  -40.432  -18.167  -17.842  -11.463   -9.652  -10.376   -8.808
   -7.774   -7.449   -5.923   -2.484   -1.879   -1.220   -0.997
            0.106667  0.577350  0.000000
  -73.965  -40.626  -40.404  -40.433  -18.164  -17.841  -11.453   -9.650  -10.384   -8.807
   -7.805   -7.450   -5.913   -2.496   -1.870   -1.207   -1.010
            0.110000  0.577350  0.000000
  -73.965  -40.625  -40.404  -40.435  -18.161  -17.839  -11.443   -9.648  -10.391   -8.806
   -7.836   -7.451   -5.902   -2.509   -1.861   -1.195   -1.020
            0.113333  0.577350  0.000000
  -73.966  -40.625  -40.404  -40.436  -18.159  -17.838  -11.434   -9.646  -10.399   -8.805
   -7.868   -7.452   -5.892   -2.522   -1.852   -1.185   -1.029
            0.116667  0.577350  0.000000
  -73.966  -40.624  -40.403  -40.437  -18.156  -17.837  -11.423   -9.645  -10.406   -8.804
   -7.900   -7.453   -5.881   -2.536   -1.842   -1.178   -1.034
            0.120000  0.577350  0.000000
  -73.966  -40.623  -40.403  -40.438  -18.152  -17.835  -11.413   -9.643  -10.414   -8.803
   -7.932   -7.454   -5.871   -2.550   -1.833   -1.175   -1.035
            0.123333  0.577350  0.000000
  -73.967  -40.623  -40.403  -40.440  -18.149  -17.834  -11.402   -9.641  -10.422   -8.802
   -7.964   -7.456   -5.860   -2.564   -1.823   -1.176   -1.031
            0.126667  0.577350  0.000000
  -73.967  -40.622  -40.403  -40.441  -18.146  -17.832  -11.391   -9.639  -10.430   -8.800
   -7.996   -7.457   -5.849   -2.579   -1.812   -1.181   -1.023
            0.130000  0.577350  0.000000
  -73.968  -40.621  -40.403  -40.443  -18.143  -17.831  -11.380   -9.637  -10.439   -8.799
   -8.029   -7.459   -5.839   -2.594   -1.802   -1.189   -1.011
            0.133333  0.577350  0.000000
  -73.968  -40.621  -40.403  -40.444  -18.140  -17.829  -11.368   -9.635  -10.447   -8.797
   -8.062   -7.461   -5.828   -2.609   -1.791   -1.199   -0.997
            0.136667  0.577350  0.000000
  -73.969  -40.620  -40.403  -40.445  -18.136  -17.828  -11.356   -9.633  -10.455   -8.795
   -8.095   -7.463   -5.818   -2.625   -1.780   -1.211   -0.981
            0.140000  0.577350  0.000000
  -73.969  -40.619  -40.403  -40.447  -18.133  -17.826  -11.344   -9.631  -10.464   -8.793
   -8.127   -7.465   -5.807   -2.641   -1.769   -1.223   -0.963
            0.143333  0.577350  0.000000
  -73.970  -40.618  -40.403  -40.448  -18.130  -17.825  -11.332   -9.629  -10.472   -8.791
   -8.160   -7.467   -5.797   -2.658   -1.758   -1.236   -0.945
            0.146667  0.577350  0.000000
  -73.970  -40.617  -40.403  -40.450  -18.126  -17.823  -11.320   -9.627  -10.481   -8.789
   -8.193   -7.469   -5.786   -2.675   -1.747   -1.250   -0.926
            0.150000  0.577350  0.000000
  -73.970  -40.617  -40.402  -40.451  -18.123  -17.822  -11.307   -9.625  -10.490   -8.787
   -8.227   -7.471   -5.775   -2.692   -1.736   -1.264   -0.906
            0.153333  0.577350  0.000000
  -73.971  -40.616  -40.402  -40.453  -18.119  -17.820  -11.294   -9.624  -10.499   -8.785
   -8.260   -7.474   -5.765   -2.709   -1.724   -1.277   -0.886
            0.156667  0.577350  0.000000
  -73.971  -40.615  -40.402  -40.454  -18.115  -17.818  -11.281   -9.622  -10.508   -8.782
   -8.293   -7.476   -5.754   -2.727   -1.713   -1.291   -0.866
            0.160000  0.577350  0.000000
  -73.971  -40.614  -40.402  -40.456  -18.112  -17.817  -11.267   -9.620  -10.516   -8.780
   -8.326   -7.479   -5.743   -2.745   -1.702   -1.305   -0.845
            0.163333  0.577350  0.000000
  -73.972  -40.613  -40.402  -40.457  -18.108  -17.815  -11.253   -9.618  -10.525   -8.777
   -8.359   -7.482   -5.732   -2.763   -1.690   -1.318   -0.824
            0.166667  0.577350  0.000000
  -73.972  -40.612  -40.402  -40.459  -18.105  -17.813  -11.239   -9.616  -10.534   -8.774
   -8.392   -7.485   -5.721   -2.781   -1.679   -1.332   -0.803
            0.170000  0.577350  0.000000
  -73.972  -40.611  -40.402  -40.460  -18.101  -17.812  -11.225   -9.614  -10.543   -8.771
   -8.425   -7.488   -5.710   -2.800   -1.667   -1.345   -0.781
            0.173333  0.577350  0.000000
  -73.972  -40.610  -40.402  -40.462  -18.097  -17.810  -11.211   -9.613  -10.552   -8.768
   -8.458   -7.491   -5.699   -2.819   -1.656   -1.358   -0.760
            0.176667  0.577350  0.000000
  -73.972  -40.609  -40.402  -40.463  -18.094  -17.809  -11.196   -9.611  -10.561   -8.765
   -8.491   -7.495   -5.687   -2.838   -1.645   -1.371   -0.738
            0.180000  0.577350  0.000000
  -73.972  -40.608  -40.402  -40.465  -18.090  -17.807  -11.182   -9.609  -10.570   -8.762
   -8.524   -7.498   -5.676   -2.858   -1.633   -1.384   -0.716
            0.183333  0.577350  0.000000
  -73.972  -40.607  -40.401  -40.467  -18.086  -17.805  -11.167   -9.608  -10.579   -8.758
   -8.556   -7.502   -5.665   -2.877   -1.622   -1.397   -0.695
            0.186667  0.577350  0.000000
  -73.972  -40.606  -40.401  -40.468  -18.083  -17.804  -11.152   -9.606  -10.588   -8.755
   -8.589   -7.505   -5.653   -2.897   -1.611   -1.409   -0.673
            0.190000  0.577350  0.000000
  -73.972  -40.605  -40.401  -40.470  -18.079  -17.802  -11.136   -9.604  -10.597   -8.752
   -8.621   -7.509   -5.641   -2.917   -1.599   -1.421   -0.652
            0.193333  0.577350  0.000000
  -73.972  -40.604  -40.401  -40.471  -18.075  -17.800  -11.121   -9.603  -10.606   -8.748
   -8.654   -7.513   -5.630   -2.937   -1.588   -1.433   -0.630
            0.196667  0.577350  0.000000
  -73.972  -40.603  -40.401  -40.473  -18.072  -17.799  -11.105   -9.601  -10.614   -8.744
   -8.686   -7.517   -5.618   -2.957   -1.576   -1.444   -0.609
            0.200000  0.577350  0.000000
  -73.971  -40.602  -40.401  -40.475  -18.068  -17.797  -11.090   -9.600  -10.623   -8.741
   -8.718   -7.521   -5.606   -2.977   -1.565   -1.455   -0.588
            0.203333  0.577350  0.000000
  -73.971  -40.601  -40.401  -40.476  -18.064  -17.795  -11.074   -9.599  -10.632   -8.737
   -8.749   -7.525   -5.594   -2.997   -1.553   -1.466   -0.567
            0.206667  0.577350  0.000000
  -73.971  -40.600  -40.401  -40.478  -18.061  -17.794  -11.058   -9.598  -10.640   -8.733
   -8.781   -7.530   -5.582   -3.018   -1.542   -1.477   -0.546
            0.210000  0.577350  0.000000
  -73.971  -40.599  -40.401  -40.480  -18.057  -17.792  -11.041   -9.597  -10.649   -8.729
   -8.812   -7.534   -5.569   -3.038   -1.530   -1.487   -0.526
            0.213333  0.577350  0.000000
  -73.970  -40.598  -40.401  -40.481  -18.053  -17.791  -11.025   -9.596  -10.657   -8.725
   -8.843   -7.538   -5.557   -3.059   -1.519   -1.497   -0.505
            0.216667  0.577350  0.000000
  -73.970  -40.597  -40.400  -40.483  -18.050  -17.789  -11.009   -9.596  -10.665   -8.721
   -8.873   -7.543   -5.545   -3.079   -1.507   -1.507   -0.485
            0.220000  0.577350  0.000000
  -73.970  -40.595  -40.400  -40.485  -18.046  -17.788  -10.992   -9.595  -10.673   -8.717
   -8.903   -7.547   -5.532   -3.100   -1.495   -1.517   -0.466
            0.223333  0.577350  0.000000
  -73.969  -40.594  -40.400  -40.487  -18.043  -17.786  -10.976   -9.595  -10.681   -8.713
   -8.933   -7.552   -5.520   -3.120   -1.483   -1.526   -0.446
            0.226667  0.577350  0.000000
  -73.969  -40.593  -40.400  -40.488  -18.039  -17.785  -10.959   -9.595  -10.689   -8.709
   -8.962   -7.557   -5.507   -3.141   -1.472   -1.535   -0.427
            0.230000  0.577350  0.000000
  -73.969  -40.592  -40.400  -40.490  -18.036  -17.783  -10.942   -9.595  -10.696   -8.705
   -8.990   -7.561   -5.495   -3.161   -1.460   -1.543   -0.409
            0.233333  0.577350  0.000000
  -73.969  -40.591  -40.400  -40.492  -18.033  -17.782  -10.926   -9.596  -10.704   -8.701
   -9.018   -7.566   -5.482   -3.181   -1.448   -1.551   -0.390
            0.236667  0.577350  0.000000
  -73.968  -40.590  -40.400  -40.494  -18.029  -17.780  -10.909   -9.597  -10.711   -8.697
   -9.045   -7.571   -5.470   -3.201   -1.436   -1.559   -0.373
            0.240000  0.577350  0.000000
  -73.968  -40.589  -40.400  -40.495  -18.026  -17.779  -10.892   -9.599  -10.719   -8.693
   -9.072   -7.576   -5.457   -3.221   -1.424   -1.567   -0.355
            0.243333  0.577350  0.000000
  -73.968  -40.588  -40.400  -40.497  -18.023  -17.778  -10.876   -9.601  -10.726   -8.689
   -9.097   -7.580   -5.445   -3.241   -1.412   -1.574   -0.338
            0.246667  0.577350  0.000000
  -73.968  -40.587  -40.400  -40.499  -18.020  -17.776  -10.859   -9.603  -10.732   -8.685
   -9.122   -7.585   -5.433   -3.261   -1.400   -1.581   -0.322
            0.250000  0.577350  0.000000
  -73.968  -40.586  -40.399  -40.501  -18.017  -17.775  -10.843   -9.607  -10.739   -8.681
   -9.146   -7.590   -5.420   -3.280   -1.388   -1.587   -0.306
            0.253333  0.577350  0.000000
  -73.968  -40.584  -40.399  -40.502  -18.014  -17.774  -10.826   -9.610  -10.746   -8.677
   -9.168   -7.594   -5.408   -3.299   -1.376   -1.594   -0.291
            0.256667  0.577350  0.000000
  -73.968  -40.583  -40.399  -40.504  -18.011  -17.773  -10.810   -9.615  -10.752   -8.674
   -9.190   -7.599   -5.396   -3.317   -1.364   -1.599   -0.276
            0.260000  0.577350  0.000000
  -73.968  -40.582  -40.399  -40.506  -18.008  -17.771  -10.794   -9.620  -10.758   -8.670
   -9.210   -7.603   -5.384   -3.336   -1.353   -1.605   -0.262
            0.263333  0.577350  0.000000
  -73.968  -40.581  -40.399  -40.508  -18.005  -17.770  -10.778   -9.626  -10.764   -8.666
   -9.229   -7.608   -5.373   -3.353   -1.341   -1.610   -0.248
            0.266667  0.577350  0.000000
  -73.968  -40.580  -40.399  -40.509  -18.003  -17.769  -10.762   -9.633  -10.769   -8.662
   -9.247   -7.612   -5.361   -3.371   -1.330   -1.615   -0.235
            0.270000  0.577350  0.000000
  -73.968  -40.579  -40.399  -40.511  -18.000  -17.768  -10.746   -9.640  -10.775   -8.659
   -9.263   -7.617   -5.350   -3.388   -1.319   -1.620   -0.223
            0.273333  0.577350  0.000000
  -73.968  -40.578  -40.399  -40.513  -17.998  -17.767  -10.731   -9.648  -10.780   -8.655
   -9.278   -7.621   -5.339   -3.404   -1.308   -1.625   -0.211
            0.276667  0.577350  0.000000
  -73.969  -40.577  -40.399  -40.514  -17.995  -17.766  -10.716   -9.657  -10.785   -8.652
   -9.291   -7.625   -5.328   -3.420   -1.298   -1.629   -0.200
            0.280000  0.577350  0.000000
  -73.969  -40.576  -40.399  -40.516  -17.993  -17.765  -10.702   -9.666  -10.790   -8.649
   -9.303   -7.629   -5.318   -3.435   -1.287   -1.632   -0.189
            0.283333  0.577350  0.000000
  -73.969  -40.575  -40.399  -40.517  -17.991  -17.764  -10.688   -9.676  -10.794   -8.646
   -9.313   -7.632   -5.308   -3.450   -1.278   -1.636   -0.179
            0.286667  0.577350  0.000000
  -73.969  -40.574  -40.399  -40.519  -17.989  -17.763  -10.674   -9.687  -10.798   -8.643
   -9.323   -7.636   -5.298   -3.464   -1.268   -1.639   -0.170
            0.290000  0.577350  0.000000
  -73.969  -40.573  -40.399  -40.520  -17.987  -17.763  -10.661   -9.697  -10.802   -8.640
   -9.331   -7.639   -5.289   -3.477   -1.259   -1.642   -0.161
            0.293333  0.577350  0.000000
  -73.970  -40.572  -40.399  -40.522  -17.985  -17.762  -10.649   -9.708  -10.806   -8.637
   -9.338   -7.643   -5.281   -3.490   -1.251   -1.645   -0.153
            0.296667  0.577350  0.000000
  -73.970  -40.571  -40.398  -40.523  -17.983  -17.761  -10.637   -9.718  -10.809   -8.635
   -9.344   -7.646   -5.273   -3.501   -1.243   -1.647   -0.146
            0.300000  0.577350  0.000000
  -73.970  -40.570  -40.398  -40.524  -17.982  -17.761  -10.626   -9.728  -10.812   -8.633
   -9.349   -7.649   -5.265   -3.512   -1.236   -1.649   -0.139
            0.303333  0.577350  0.000000
  -73.970  -40.569  -40.398  -40.525  -17.980  -17.760  -10.616   -9.738  -10.815   -8.630
   -9.354   -7.651   -5.258   -3.522   -1.229   -1.651   -0.133
            0.306667  0.577350  0.000000
  -73.970  -40.568  -40.398  -40.526  -17.979  -17.759  -10.607   -9.747  -10.818   -8.628
   -9.358   -7.653   -5.252   -3.531   -1.223   -1.653   -0.128
            0.310000  0.577350  0.000000
  -73.971  -40.568  -40.398  -40.527  -17.978  -17.759  -10.598   -9.755  -10.820   -8.627
   -9.361   -7.656   -5.246   -3.539   -1.217   -1.655   -0.123
            0.313333  0.577350  0.000000
  -73.971  -40.567  -40.398  -40.528  -17.977  -17.759  -10.591   -9.763  -10.822   -8.625
   -9.363   -7.657   -5.241   -3.546   -1.212   -1.656   -0.119
            0.316667  0.577350  0.000000
  -73.971  -40.566  -40.398  -40.529  -17.976  -17.758  -10.585   -9.769  -10.824   -8.624
   -9.365   -7.659   -5.236   -3.552   -1.208   -1.657   -0.116
            0.320000  0.577350  0.000000
  -73.971  -40.566  -40.398  -40.529  -17.975  -17.758  -10.579   -9.775  -10.825   -8.623
   -9.367   -7.660   -5.233   -3.557   -1.205   -1.658   -0.113
            0.323333  0.577350  0.000000
  -73.971  -40.565  -40.398  -40.530  -17.975  -17.758  -10.575   -9.779  -10.826   -8.622
   -9.368   -7.661   -5.230   -3.561   -1.202   -1.658   -0.111
            0.326667  0.577350  0.000000
  -73.971  -40.565  -40.398  -40.530  -17.974  -17.758  -10.572   -9.782  -10.827   -8.621
   -9.369   -7.662   -5.228   -3.564   -1.200   -1.659   -0.110
            0.330000  0.577350  0.000000
  -73.971  -40.565  -40.398  -40.530  -17.974  -17.757  -10.571   -9.784  -10.828   -8.621
   -9.369   -7.663   -5.227   -3.566   -1.199   -1.659   -0.109
            0.333333  0.577350  0.000000
  -73.971  -40.565  -40.398  -40.531  -17.974  -17.757  -10.570   -9.784  -10.828   -8.621
   -9.370   -7.663   -5.226   -3.566   -1.199   -1.659   -0.108
            0.336667  0.577350  0.000000
  -73.971  -40.565  -40.398  -40.530  -17.974  -17.757  -10.570   -9.784  -10.828   -8.621
   -9.369   -7.663   -5.227   -3.566   -1.200   -1.659   -0.109
            0.340000  0.577350  0.000000
  -73.971  -40.565  -40.398  -40.530  -17.974  -17.757  -10.572   -9.782  -10.827   -8.621
   -9.369   -7.662   -5.228   -3.564   -1.201   -1.659   -0.110
            0.343333  0.577350  0.000000
  -73.971  -40.565  -40.398  -40.530  -17.975  -17.758  -10.575   -9.779  -10.826   -8.622
   -9.368   -7.661   -5.230   -3.561   -1.203   -1.659   -0.111
            0.346667  0.577350  0.000000
  -73.971  -40.566  -40.398  -40.529  -17.975  -17.758  -10.579   -9.774  -10.825   -8.622
   -9.367   -7.660   -5.233   -3.557   -1.206   -1.658   -0.113
            0.350000  0.577350  0.000000
  -73.971  -40.566  -40.398  -40.529  -17.976  -17.758  -10.583   -9.769  -10.824   -8.623
   -9.366   -7.659   -5.236   -3.552   -1.210   -1.658   -0.115
            0.353333  0.577350  0.000000
  -73.971  -40.567  -40.398  -40.528  -17.977  -17.759  -10.589   -9.763  -10.822   -8.625
   -9.365   -7.657   -5.241   -3.545   -1.215   -1.657   -0.118
            0.356667  0.577350  0.000000
  -73.971  -40.567  -40.398  -40.527  -17.978  -17.759  -10.595   -9.755  -10.820   -8.626
   -9.363   -7.655   -5.246   -3.538   -1.221   -1.657   -0.122
            0.360000  0.577350  0.000000
  -73.971  -40.568  -40.398  -40.527  -17.980  -17.759  -10.602   -9.747  -10.817   -8.628
   -9.361   -7.653   -5.252   -3.529   -1.227   -1.656   -0.126
            0.363333  0.577350  0.000000
  -73.971  -40.569  -40.398  -40.526  -17.981  -17.760  -10.610   -9.739  -10.815   -8.630
   -9.358   -7.650   -5.259   -3.520   -1.234   -1.655   -0.130
            0.366667  0.577350  0.000000
  -73.971  -40.569  -40.398  -40.525  -17.983  -17.761  -10.619   -9.729  -10.811   -8.633
   -9.355   -7.647   -5.267   -3.509   -1.242   -1.654   -0.135
            0.370000  0.577350  0.000000
  -73.971  -40.570  -40.398  -40.524  -17.985  -17.761  -10.628   -9.719  -10.808   -8.635
   -9.352   -7.643   -5.275   -3.498   -1.251   -1.653   -0.140
            0.373333  0.577350  0.000000
  -73.971  -40.571  -40.399  -40.523  -17.987  -17.762  -10.637   -9.709  -10.804   -8.638
   -9.348   -7.640   -5.284   -3.485   -1.261   -1.652   -0.145
            0.376667  0.577350  0.000000
  -73.971  -40.571  -40.399  -40.522  -17.989  -17.763  -10.647   -9.698  -10.800   -8.641
   -9.344   -7.636   -5.294   -3.472   -1.271   -1.651   -0.151
            0.380000  0.577350  0.000000
  -73.971  -40.572  -40.399  -40.520  -17.992  -17.764  -10.657   -9.688  -10.795   -8.644
   -9.339   -7.632   -5.305   -3.457   -1.282   -1.651   -0.157
            0.383333  0.577350  0.000000
  -73.971  -40.573  -40.399  -40.519  -17.995  -17.765  -10.667   -9.677  -10.791   -8.648
   -9.334   -7.627   -5.315   -3.442   -1.294   -1.650   -0.164
            0.386667  0.577350  0.000000
  -73.971  -40.574  -40.399  -40.518  -17.998  -17.766  -10.678   -9.666  -10.785   -8.651
   -9.328   -7.622   -5.327   -3.426   -1.307   -1.649   -0.170
            0.390000  0.577350  0.000000
  -73.972  -40.575  -40.399  -40.517  -18.001  -17.767  -10.688   -9.655  -10.780   -8.655
   -9.322   -7.617   -5.339   -3.410   -1.320   -1.648   -0.178
            0.393333  0.577350  0.000000
  -73.972  -40.575  -40.399  -40.516  -18.004  -17.769  -10.699   -9.645  -10.774   -8.659
   -9.315   -7.612   -5.351   -3.393   -1.335   -1.647   -0.185
            0.396667  0.577350  0.000000
  -73.972  -40.576  -40.399  -40.514  -18.008  -17.770  -10.710   -9.635  -10.768   -8.663
   -9.307   -7.606   -5.364   -3.375   -1.349   -1.646   -0.192
            0.400000  0.577350  0.000000
  -73.972  -40.577  -40.399  -40.513  -18.012  -17.771  -10.720   -9.626  -10.761   -8.667
   -9.298   -7.600   -5.377   -3.356   -1.365   -1.646   -0.200
            0.403333  0.577350  0.000000
  -73.972  -40.577  -40.399  -40.512  -18.016  -17.773  -10.731   -9.617  -10.754   -8.672
   -9.288   -7.594   -5.391   -3.337   -1.381   -1.645   -0.208
            0.406667  0.577350  0.000000
  -73.973  -40.578  -40.399  -40.510  -18.020  -17.774  -10.742   -9.608  -10.747   -8.676
   -9.278   -7.587   -5.405   -3.318   -1.398   -1.645   -0.216
            0.410000  0.577350  0.000000
  -73.973  -40.579  -40.399  -40.509  -18.025  -17.776  -10.752   -9.601  -10.739   -8.681
   -9.266   -7.581   -5.419   -3.298   -1.416   -1.644   -0.224
            0.413333  0.577350  0.000000
  -73.973  -40.579  -40.400  -40.508  -18.029  -17.778  -10.762   -9.594  -10.731   -8.686
   -9.254   -7.574   -5.434   -3.278   -1.434   -1.644   -0.232
            0.416667  0.577350  0.000000
  -73.973  -40.580  -40.400  -40.506  -18.034  -17.779  -10.772   -9.588  -10.723   -8.691
   -9.241   -7.567   -5.448   -3.258   -1.453   -1.644   -0.241
            0.420000  0.577350  0.000000
  -73.974  -40.581  -40.400  -40.505  -18.039  -17.781  -10.782   -9.582  -10.714   -8.696
   -9.227   -7.559   -5.463   -3.237   -1.472   -1.644   -0.249
            0.423333  0.577350  0.000000
  -73.974  -40.581  -40.400  -40.504  -18.045  -17.783  -10.791   -9.577  -10.705   -8.701
   -9.212   -7.552   -5.478   -3.216   -1.492   -1.645   -0.258
            0.426667  0.577350  0.000000
  -73.974  -40.582  -40.400  -40.502  -18.050  -17.785  -10.801   -9.573  -10.695   -8.706
   -9.196   -7.544   -5.493   -3.195   -1.512   -1.645   -0.266
            0.430000  0.577350  0.000000
  -73.974  -40.582  -40.400  -40.501  -18.056  -17.787  -10.810   -9.570  -10.686   -8.711
   -9.179   -7.536   -5.508   -3.174   -1.533   -1.646   -0.275
            0.433333  0.577350  0.000000
  -73.974  -40.583  -40.400  -40.499  -18.062  -17.789  -10.818   -9.567  -10.675   -8.716
   -9.162   -7.529   -5.523   -3.153   -1.554   -1.647   -0.283
            0.436667  0.577350  0.000000
  -73.975  -40.583  -40.401  -40.498  -18.068  -17.791  -10.826   -9.565  -10.665   -8.721
   -9.145   -7.520   -5.539   -3.132   -1.575   -1.648   -0.292
            0.440000  0.577350  0.000000
  -73.975  -40.583  -40.401  -40.496  -18.075  -17.794  -10.834   -9.564  -10.654   -8.726
   -9.126   -7.512   -5.554   -3.112   -1.597   -1.650   -0.300
            0.443333  0.577350  0.000000
  -73.975  -40.584  -40.401  -40.495  -18.082  -17.796  -10.842   -9.563  -10.643   -8.731
   -9.107   -7.504   -5.569   -3.091   -1.619   -1.652   -0.309
            0.446667  0.577350  0.000000
  -73.975  -40.584  -40.401  -40.493  -18.089  -17.798  -10.849   -9.562  -10.632   -8.736
   -9.088   -7.495   -5.584   -3.070   -1.641   -1.654   -0.317
            0.450000  0.577350  0.000000
  -73.975  -40.584  -40.401  -40.492  -18.096  -17.801  -10.856   -9.563  -10.620   -8.741
   -9.068   -7.486   -5.599   -3.050   -1.664   -1.656   -0.325
            0.453333  0.577350  0.000000
  -73.975  -40.584  -40.402  -40.490  -18.103  -17.803  -10.862   -9.563  -10.608   -8.746
   -9.048   -7.478   -5.614   -3.030   -1.687   -1.659   -0.333
            0.456667  0.577350  0.000000
  -73.975  -40.585  -40.402  -40.489  -18.111  -17.806  -10.868   -9.564  -10.595   -8.751
   -9.028   -7.469   -5.629   -3.011   -1.709   -1.662   -0.341
            0.460000  0.577350  0.000000
  -73.975  -40.585  -40.402  -40.487  -18.119  -17.809  -10.873   -9.566  -10.582   -8.756
   -9.007   -7.460   -5.644   -2.992   -1.732   -1.665   -0.349
            0.463333  0.577350  0.000000
  -73.974  -40.585  -40.402  -40.485  -18.127  -17.812  -10.878   -9.568  -10.569   -8.761
   -8.986   -7.451   -5.659   -2.973   -1.755   -1.669   -0.357
            0.466667  0.577350  0.000000
  -73.974  -40.585  -40.403  -40.484  -18.135  -17.814  -10.883   -9.570  -10.555   -8.766
   -8.964   -7.442   -5.673   -2.955   -1.777   -1.673   -0.365
            0.470000  0.577350  0.000000
  -73.974  -40.585  -40.403  -40.482  -18.144  -17.817  -10.887   -9.573  -10.542   -8.770
   -8.943   -7.432   -5.688   -2.938   -1.800   -1.678   -0.373
            0.473333  0.577350  0.000000
  -73.974  -40.585  -40.403  -40.481  -18.153  -17.820  -10.891   -9.576  -10.527   -8.775
   -8.921   -7.423   -5.702   -2.921   -1.822   -1.682   -0.380
            0.476667  0.577350  0.000000
  -73.974  -40.585  -40.403  -40.479  -18.162  -17.823  -10.894   -9.580  -10.513   -8.780
   -8.900   -7.414   -5.716   -2.905   -1.844   -1.687   -0.388
            0.480000  0.577350  0.000000
  -73.974  -40.584  -40.404  -40.478  -18.171  -17.826  -10.897   -9.584  -10.498   -8.784
   -8.878   -7.404   -5.730   -2.890   -1.866   -1.693   -0.395
            0.483333  0.577350  0.000000
  -73.973  -40.584  -40.404  -40.476  -18.180  -17.829  -10.899   -9.588  -10.483   -8.788
   -8.856   -7.395   -5.743   -2.875   -1.887   -1.699   -0.403
            0.486667  0.577350  0.000000
  -73.973  -40.584  -40.404  -40.474  -18.190  -17.833  -10.901   -9.593  -10.467   -8.792
   -8.834   -7.385   -5.756   -2.862   -1.907   -1.705   -0.410
            0.490000  0.577350  0.000000
  -73.973  -40.584  -40.404  -40.473  -18.200  -17.836  -10.903   -9.598  -10.451   -8.796
   -8.812   -7.376   -5.770   -2.849   -1.928   -1.712   -0.417
            0.493333  0.577350  0.000000
  -73.973  -40.583  -40.405  -40.471  -18.210  -17.839  -10.904   -9.603  -10.435   -8.800
   -8.789   -7.366   -5.782   -2.837   -1.947   -1.718   -0.424
            0.496667  0.577350  0.000000
  -73.973  -40.583  -40.405  -40.470  -18.220  -17.842  -10.904   -9.608  -10.419   -8.804
   -8.767   -7.357   -5.795   -2.827   -1.966   -1.726   -0.431
            0.500000  0.577350  0.000000
  -73.973  -40.583  -40.405  -40.468  -18.231  -17.846  -10.904   -9.614  -10.402   -8.808
   -8.745   -7.347   -5.807   -2.817   -1.984   -1.733   -0.438
            0.503333  0.577350  0.000000
  -73.973  -40.582  -40.406  -40.467  -18.241  -17.849  -10.904   -9.621  -10.385   -8.811
   -8.723   -7.338   -5.819   -2.809   -2.001   -1.741   -0.444
            0.506667  0.577350  0.000000
  -73.972  -40.582  -40.406  -40.465  -18.252  -17.853  -10.904   -9.627  -10.368   -8.815
   -8.701   -7.328   -5.831   -2.802   -2.018   -1.750   -0.451
            0.510000  0.577350  0.000000
  -73.972  -40.581  -40.406  -40.464  -18.264  -17.856  -10.903   -9.634  -10.350   -8.818
   -8.679   -7.319   -5.843   -2.796   -2.034   -1.758   -0.458
            0.513333  0.577350  0.000000
  -73.972  -40.581  -40.406  -40.462  -18.275  -17.860  -10.901   -9.641  -10.332   -8.821
   -8.657   -7.309   -5.854   -2.791   -2.049   -1.767   -0.464
            0.516667  0.577350  0.000000
  -73.972  -40.580  -40.407  -40.461  -18.286  -17.864  -10.899   -9.648  -10.314   -8.824
   -8.635   -7.300   -5.865   -2.787   -2.063   -1.777   -0.471
            0.520000  0.577350  0.000000
  -73.972  -40.579  -40.407  -40.459  -18.298  -17.868  -10.897   -9.656  -10.295   -8.827
   -8.613   -7.290   -5.875   -2.785   -2.076   -1.786   -0.478
            0.523333  0.577350  0.000000
  -73.972  -40.579  -40.407  -40.458  -18.310  -17.871  -10.894   -9.664  -10.276   -8.829
   -8.592   -7.281   -5.885   -2.784   -2.088   -1.796   -0.484
            0.526667  0.577350  0.000000
  -73.973  -40.578  -40.408  -40.456  -18.322  -17.875  -10.891   -9.672  -10.257   -8.831
   -8.570   -7.271   -5.895   -2.784   -2.099   -1.807   -0.491
            0.530000  0.577350  0.000000
  -73.973  -40.577  -40.408  -40.455  -18.334  -17.879  -10.888   -9.681  -10.238   -8.834
   -8.548   -7.262   -5.905   -2.785   -2.110   -1.817   -0.498
            0.533333  0.577350  0.000000
  -73.973  -40.576  -40.408  -40.454  -18.347  -17.883  -10.884   -9.690  -10.218   -8.836
   -8.527   -7.253   -5.914   -2.787   -2.120   -1.828   -0.505
            0.536667  0.577350  0.000000
  -73.973  -40.576  -40.409  -40.452  -18.359  -17.887  -10.880   -9.699  -10.198   -8.837
   -8.506   -7.244   -5.923   -2.790   -2.129   -1.839   -0.512
            0.540000  0.577350  0.000000
  -73.973  -40.575  -40.409  -40.451  -18.372  -17.891  -10.875   -9.708  -10.178   -8.839
   -8.485   -7.234   -5.932   -2.795   -2.137   -1.850   -0.519
            0.543333  0.577350  0.000000
  -73.974  -40.574  -40.410  -40.449  -18.385  -17.895  -10.870   -9.717  -10.157   -8.840
   -8.464   -7.225   -5.940   -2.800   -2.145   -1.862   -0.526
            0.546667  0.577350  0.000000
  -73.974  -40.573  -40.410  -40.448  -18.398  -17.899  -10.865   -9.727  -10.137   -8.842
   -8.443   -7.216   -5.948   -2.806   -2.152   -1.874   -0.533
            0.550000  0.577350  0.000000
  -73.974  -40.572  -40.410  -40.447  -18.411  -17.903  -10.859   -9.737  -10.116   -8.842
   -8.423   -7.207   -5.955   -2.813   -2.159   -1.886   -0.541
            0.553333  0.577350  0.000000
  -73.975  -40.571  -40.411  -40.445  -18.424  -17.908  -10.853   -9.747  -10.094   -8.843
   -8.402   -7.198   -5.962   -2.820   -2.166   -1.898   -0.548
            0.556667  0.577350  0.000000
  -73.975  -40.570  -40.411  -40.444  -18.438  -17.912  -10.846   -9.758  -10.073   -8.844
   -8.382   -7.189   -5.969   -2.828   -2.172   -1.910   -0.556
            0.560000  0.577350  0.000000
  -73.976  -40.569  -40.411  -40.442  -18.451  -17.916  -10.839   -9.769  -10.051   -8.844
   -8.362   -7.180   -5.976   -2.837   -2.178   -1.923   -0.564
            0.563333  0.577350  0.000000
  -73.976  -40.568  -40.412  -40.441  -18.465  -17.920  -10.832   -9.780  -10.029   -8.844
   -8.342   -7.172   -5.982   -2.846   -2.184   -1.935   -0.572
            0.566667  0.577350  0.000000
  -73.976  -40.567  -40.412  -40.440  -18.479  -17.925  -10.824   -9.791  -10.007   -8.844
   -8.323   -7.163   -5.987   -2.855   -2.189   -1.948   -0.581
            0.570000  0.577350  0.000000
  -73.977  -40.565  -40.413  -40.438  -18.493  -17.929  -10.816   -9.802   -9.985   -8.843
   -8.304   -7.155   -5.992   -2.865   -2.195   -1.961   -0.589
            0.573333  0.577350  0.000000
  -73.977  -40.564  -40.413  -40.437  -18.507  -17.934  -10.808   -9.813   -9.962   -8.843
   -8.285   -7.146   -5.997   -2.875   -2.201   -1.974   -0.598
            0.576667  0.577350  0.000000
  -73.978  -40.563  -40.413  -40.436  -18.521  -17.938  -10.799   -9.825   -9.939   -8.842
   -8.266   -7.138   -6.002   -2.886   -2.206   -1.988   -0.607
            0.580000  0.577350  0.000000
  -73.978  -40.562  -40.414  -40.434  -18.535  -17.942  -10.790   -9.837   -9.916   -8.840
   -8.248   -7.129   -6.005   -2.896   -2.212   -2.001   -0.617
            0.583333  0.577350  0.000000
  -73.978  -40.560  -40.414  -40.433  -18.550  -17.947  -10.780   -9.849   -9.893   -8.839
   -8.230   -7.121   -6.009   -2.907   -2.218   -2.014   -0.627
            0.586667  0.577350  0.000000
  -73.979  -40.559  -40.415  -40.432  -18.564  -17.951  -10.771   -9.861   -9.869   -8.837
   -8.212   -7.113   -6.012   -2.917   -2.224   -2.028   -0.637
            0.590000  0.577350  0.000000
  -73.979  -40.557  -40.415  -40.430  -18.579  -17.956  -10.760   -9.873   -9.846   -8.835
   -8.194   -7.105   -6.015   -2.928   -2.230   -2.041   -0.647
            0.593333  0.577350  0.000000
  -73.979  -40.556  -40.416  -40.429  -18.594  -17.960  -10.750   -9.886   -9.822   -8.832
   -8.177   -7.097   -6.017   -2.939   -2.237   -2.055   -0.657
            0.596667  0.577350  0.000000
  -73.979  -40.554  -40.416  -40.428  -18.608  -17.965  -10.739   -9.898   -9.798   -8.830
   -8.160   -7.090   -6.019   -2.949   -2.243   -2.069   -0.668
            0.600000  0.577350  0.000000
  -73.980  -40.553  -40.417  -40.427  -18.623  -17.970  -10.728   -9.911   -9.774   -8.827
   -8.144   -7.082   -6.020   -2.960   -2.250   -2.082   -0.680
            0.603333  0.577350  0.000000
  -73.980  -40.551  -40.417  -40.425  -18.638  -17.974  -10.717   -9.923   -9.750   -8.824
   -8.128   -7.075   -6.021   -2.970   -2.257   -2.096   -0.691
            0.606667  0.577350  0.000000
  -73.980  -40.550  -40.417  -40.424  -18.653  -17.979  -10.705   -9.936   -9.726   -8.820
   -8.113   -7.067   -6.022   -2.981   -2.264   -2.110   -0.703
            0.610000  0.577350  0.000000
  -73.980  -40.548  -40.418  -40.423  -18.668  -17.984  -10.693   -9.948   -9.701   -8.816
   -8.097   -7.060   -6.022   -2.991   -2.272   -2.124   -0.715
            0.613333  0.577350  0.000000
  -73.980  -40.546  -40.418  -40.421  -18.683  -17.988  -10.681   -9.961   -9.676   -8.812
   -8.083   -7.053   -6.021   -3.001   -2.280   -2.137   -0.728
            0.616667  0.577350  0.000000
  -73.980  -40.545  -40.419  -40.420  -18.699  -17.993  -10.669   -9.973   -9.652   -8.807
   -8.069   -7.046   -6.020   -3.011   -2.288   -2.151   -0.741
            0.620000  0.577350  0.000000
  -73.980  -40.543  -40.419  -40.419  -18.714  -17.998  -10.657   -9.986   -9.627   -8.802
   -8.055   -7.039   -6.019   -3.020   -2.296   -2.165   -0.754
            0.623333  0.577350  0.000000
  -73.980  -40.541  -40.420  -40.418  -18.729  -18.002  -10.644   -9.998   -9.602   -8.797
   -8.041   -7.032   -6.017   -3.030   -2.304   -2.179   -0.768
            0.626667  0.577350  0.000000
  -73.980  -40.539  -40.420  -40.416  -18.745  -18.007  -10.632  -10.010   -9.577   -8.792
   -8.029   -7.026   -6.015   -3.039   -2.313   -2.192   -0.782
            0.630000  0.577350  0.000000
  -73.980  -40.537  -40.421  -40.415  -18.760  -18.012  -10.619  -10.022   -9.552   -8.786
   -8.016   -7.019   -6.012   -3.047   -2.322   -2.206   -0.796
            0.633333  0.577350  0.000000
  -73.980  -40.536  -40.421  -40.414  -18.775  -18.017  -10.607  -10.033   -9.527   -8.780
   -8.004   -7.013   -6.008   -3.056   -2.331   -2.220   -0.811
            0.636667  0.577350  0.000000
  -73.979  -40.534  -40.422  -40.413  -18.791  -18.021  -10.595  -10.044   -9.502   -8.773
   -7.993   -7.007   -6.005   -3.064   -2.340   -2.233   -0.826
            0.640000  0.577350  0.000000
  -73.979  -40.532  -40.422  -40.411  -18.806  -18.026  -10.583  -10.055   -9.476   -8.766
   -7.982   -7.001   -6.000   -3.071   -2.349   -2.247   -0.841
            0.643333  0.577350  0.000000
  -73.979  -40.530  -40.423  -40.410  -18.822  -18.031  -10.571  -10.065   -9.451   -8.759
   -7.972   -6.995   -5.996   -3.078   -2.358   -2.260   -0.857
            0.646667  0.577350  0.000000
  -73.979  -40.528  -40.423  -40.409  -18.838  -18.036  -10.560  -10.075   -9.426   -8.751
   -7.963   -6.989   -5.990   -3.085   -2.368   -2.274   -0.873
            0.650000  0.577350  0.000000
  -73.979  -40.526  -40.424  -40.408  -18.853  -18.040  -10.549  -10.083   -9.400   -8.743
   -7.953   -6.983   -5.984   -3.092   -2.378   -2.287   -0.890
            0.653333  0.577350  0.000000
  -73.978  -40.524  -40.424  -40.407  -18.869  -18.045  -10.539  -10.091   -9.375   -8.734
   -7.945   -6.978   -5.978   -3.098   -2.388   -2.300   -0.906
            0.656667  0.577350  0.000000
  -73.978  -40.522  -40.425  -40.405  -18.884  -18.050  -10.530  -10.098   -9.350   -8.725
   -7.937   -6.972   -5.972   -3.103   -2.397   -2.313   -0.924
            0.660000  0.577350  0.000000
  -73.978  -40.519  -40.425  -40.404  -18.900  -18.055  -10.522  -10.103   -9.325   -8.716
   -7.929   -6.967   -5.964   -3.108   -2.407   -2.326   -0.941
            0.663333  0.577350  0.000000
  -73.978  -40.517  -40.426  -40.403  -18.916  -18.060  -10.516  -10.107   -9.300   -8.706
   -7.923   -6.962   -5.957   -3.113   -2.417   -2.339   -0.959
            0.666667  0.577350  0.000000
  -73.978  -40.515  -40.426  -40.402  -18.931  -18.064  -10.510  -10.109   -9.275   -8.696
   -7.916   -6.957   -5.949   -3.117   -2.427   -2.352   -0.977
            0.670000  0.577350  0.000000
  -73.977  -40.513  -40.427  -40.401  -18.947  -18.069  -10.506  -10.110   -9.250   -8.686
   -7.911   -6.952   -5.940   -3.121   -2.437   -2.364   -0.995
            0.673333  0.577350  0.000000
  -73.977  -40.511  -40.427  -40.400  -18.963  -18.074  -10.504  -10.108   -9.225   -8.675
   -7.905   -6.947   -5.931   -3.124   -2.448   -2.377   -1.014
            0.676667  0.577350  0.000000
  -73.977  -40.509  -40.428  -40.399  -18.978  -18.079  -10.504  -10.105   -9.200   -8.663
   -7.901   -6.943   -5.921   -3.127   -2.458   -2.389   -1.033
            0.680000  0.577350  0.000000
  -73.977  -40.506  -40.428  -40.398  -18.994  -18.083  -10.505  -10.100   -9.176   -8.651
   -7.897   -6.938   -5.911   -3.129   -2.468   -2.402   -1.053
            0.683333  0.577350  0.000000
  -73.977  -40.504  -40.429  -40.397  -19.009  -18.088  -10.507  -10.093   -9.151   -8.639
   -7.893   -6.934   -5.901   -3.130   -2.478   -2.414   -1.072
            0.686667  0.577350  0.000000
  -73.977  -40.502  -40.429  -40.396  -19.025  -18.093  -10.512  -10.085   -9.127   -8.626
   -7.891   -6.930   -5.890   -3.132   -2.488   -2.426   -1.092
            0.690000  0.577350  0.000000
  -73.977  -40.500  -40.430  -40.394  -19.040  -18.097  -10.517  -10.075   -9.103   -8.612
   -7.888   -6.926   -5.879   -3.132   -2.497   -2.438   -1.112
            0.693333  0.577350  0.000000
  -73.977  -40.498  -40.430  -40.393  -19.056  -18.102  -10.525  -10.063   -9.079   -8.599
   -7.886   -6.922   -5.867   -3.133   -2.507   -2.449   -1.133
            0.696667  0.577350  0.000000
  -73.977  -40.495  -40.431  -40.392  -19.071  -18.107  -10.533  -10.050   -9.056   -8.584
   -7.885   -6.919   -5.855   -3.132   -2.517   -2.461   -1.153
            0.700000  0.577350  0.000000
  -73.977  -40.493  -40.431  -40.391  -19.087  -18.111  -10.542  -10.035   -9.032   -8.569
   -7.884   -6.915   -5.842   -3.132   -2.527   -2.472   -1.174
            0.703333  0.577350  0.000000
  -73.977  -40.491  -40.432  -40.390  -19.102  -18.116  -10.552  -10.020   -9.009   -8.554
   -7.884   -6.912   -5.830   -3.131   -2.536   -2.483   -1.195
            0.706667  0.577350  0.000000
  -73.978  -40.488  -40.432  -40.389  -19.117  -18.121  -10.563  -10.003   -8.986   -8.538
   -7.884   -6.909   -5.816   -3.129   -2.545   -2.494   -1.216
            0.710000  0.577350  0.000000
  -73.978  -40.486  -40.433  -40.388  -19.133  -18.125  -10.575   -9.986   -8.964   -8.522
   -7.885   -6.905   -5.803   -3.127   -2.555   -2.505   -1.238
            0.713333  0.577350  0.000000
  -73.978  -40.484  -40.433  -40.387  -19.148  -18.130  -10.588   -9.968   -8.941   -8.505
   -7.886   -6.903   -5.789   -3.125   -2.564   -2.516   -1.260
            0.716667  0.577350  0.000000
  -73.978  -40.481  -40.434  -40.386  -19.163  -18.134  -10.600   -9.949   -8.919   -8.488
   -7.887   -6.900   -5.775   -3.122   -2.573   -2.526   -1.282
            0.720000  0.577350  0.000000
  -73.979  -40.479  -40.434  -40.385  -19.178  -18.139  -10.614   -9.930   -8.898   -8.470
   -7.889   -6.897   -5.760   -3.119   -2.581   -2.536   -1.304
            0.723333  0.577350  0.000000
  -73.979  -40.477  -40.435  -40.385  -19.193  -18.144  -10.627   -9.910   -8.876   -8.452
   -7.892   -6.895   -5.745   -3.115   -2.590   -2.546   -1.326
            0.726667  0.577350  0.000000
  -73.979  -40.474  -40.435  -40.384  -19.208  -18.148  -10.641   -9.889   -8.855   -8.433
   -7.895   -6.892   -5.730   -3.111   -2.598   -2.556   -1.348
            0.730000  0.577350  0.000000
  -73.980  -40.472  -40.436  -40.383  -19.223  -18.153  -10.656   -9.868   -8.834   -8.414
   -7.898   -6.890   -5.715   -3.107   -2.606   -2.566   -1.371
            0.733333  0.577350  0.000000
  -73.980  -40.470  -40.436  -40.382  -19.238  -18.157  -10.670   -9.847   -8.813   -8.394
   -7.902   -6.888   -5.699   -3.102   -2.614   -2.575   -1.394
            0.736667  0.577350  0.000000
  -73.980  -40.467  -40.437  -40.381  -19.252  -18.161  -10.685   -9.825   -8.793   -8.374
   -7.906   -6.886   -5.683   -3.097   -2.622   -2.584   -1.416
            0.740000  0.577350  0.000000
  -73.981  -40.465  -40.437  -40.380  -19.267  -18.166  -10.699   -9.802   -8.773   -8.354
   -7.910   -6.885   -5.667   -3.092   -2.629   -2.593   -1.439
            0.743333  0.577350  0.000000
  -73.981  -40.463  -40.438  -40.379  -19.281  -18.170  -10.714   -9.780   -8.753   -8.333
   -7.914   -6.883   -5.651   -3.087   -2.637   -2.602   -1.462
            0.746667  0.577350  0.000000
  -73.981  -40.460  -40.438  -40.378  -19.296  -18.175  -10.730   -9.757   -8.733   -8.312
   -7.919   -6.882   -5.634   -3.081   -2.644   -2.611   -1.485
            0.750000  0.577350  0.000000
  -73.982  -40.458  -40.439  -40.377  -19.310  -18.179  -10.745   -9.734   -8.713   -8.291
   -7.925   -6.880   -5.618   -3.076   -2.650   -2.619   -1.509
            0.753333  0.577350  0.000000
  -73.982  -40.455  -40.439  -40.377  -19.324  -18.183  -10.760   -9.711   -8.694   -8.269
   -7.930   -6.879   -5.601   -3.070   -2.657   -2.627   -1.532
            0.756667  0.577350  0.000000
  -73.982  -40.453  -40.440  -40.376  -19.338  -18.187  -10.775   -9.687   -8.675   -8.247
   -7.936   -6.878   -5.584   -3.063   -2.663   -2.635   -1.555
            0.760000  0.577350  0.000000
  -73.983  -40.451  -40.440  -40.375  -19.352  -18.192  -10.790   -9.663   -8.655   -8.225
   -7.942   -6.877   -5.567   -3.057   -2.669   -2.643   -1.578
            0.763333  0.577350  0.000000
  -73.983  -40.448  -40.441  -40.374  -19.366  -18.196  -10.806   -9.639   -8.636   -8.203
   -7.948   -6.877   -5.550   -3.050   -2.675   -2.650   -1.602
            0.766667  0.577350  0.000000
  -73.983  -40.446  -40.441  -40.373  -19.380  -18.200  -10.821   -9.615   -8.618   -8.181
   -7.955   -6.876   -5.533   -3.044   -2.680   -2.657   -1.625
            0.770000  0.577350  0.000000
  -73.983  -40.444  -40.442  -40.372  -19.393  -18.204  -10.836   -9.590   -8.599   -8.158
   -7.962   -6.876   -5.515   -3.037   -2.685   -2.664   -1.648
            0.773333  0.577350  0.000000
  -73.983  -40.441  -40.442  -40.372  -19.407  -18.208  -10.851   -9.566   -8.580   -8.136
   -7.969   -6.876   -5.498   -3.030   -2.689   -2.671   -1.672
            0.776667  0.577350  0.000000
  -73.984  -40.439  -40.443  -40.371  -19.420  -18.212  -10.867   -9.541   -8.561   -8.113
   -7.976   -6.875   -5.481   -3.023   -2.694   -2.677   -1.695
            0.780000  0.577350  0.000000
  -73.984  -40.437  -40.443  -40.370  -19.434  -18.216  -10.882   -9.516   -8.543   -8.091
   -7.983   -6.876   -5.464   -3.016   -2.698   -2.683   -1.719
            0.783333  0.577350  0.000000
  -73.984  -40.434  -40.444  -40.369  -19.447  -18.220  -10.897   -9.491   -8.524   -8.068
   -7.990   -6.876   -5.446   -3.010   -2.701   -2.689   -1.742
            0.786667  0.577350  0.000000
  -73.984  -40.432  -40.444  -40.369  -19.460  -18.224  -10.912   -9.466   -8.506   -8.045
   -7.998   -6.876   -5.429   -3.002   -2.705   -2.695   -1.765
            0.790000  0.577350  0.000000
  -73.984  -40.430  -40.445  -40.368  -19.472  -18.228  -10.926   -9.441   -8.487   -8.023
   -8.005   -6.877   -5.412   -2.995   -2.708   -2.700   -1.788
            0.793333  0.577350  0.000000
  -73.984  -40.428  -40.445  -40.367  -19.485  -18.231  -10.941   -9.415   -8.469   -8.000
   -8.013   -6.877   -5.395   -2.988   -2.710   -2.705   -1.811
            0.796667  0.577350  0.000000
  -73.984  -40.425  -40.446  -40.367  -19.498  -18.235  -10.956   -9.390   -8.450   -7.978
   -8.021   -6.878   -5.378   -2.981   -2.712   -2.710   -1.834
            0.800000  0.577350  0.000000
  -73.984  -40.423  -40.446  -40.366  -19.510  -18.239  -10.970   -9.365   -8.431   -7.955
   -8.029   -6.879   -5.361   -2.974   -2.714   -2.714   -1.857
            0.803333  0.577350  0.000000
  -73.984  -40.421  -40.447  -40.365  -19.522  -18.243  -10.985   -9.340   -8.413   -7.933
   -8.037   -6.880   -5.345   -2.967   -2.716   -2.719   -1.880
            0.806667  0.577350  0.000000
  -73.984  -40.419  -40.447  -40.365  -19.534  -18.246  -10.999   -9.314   -8.394   -7.911
   -8.045   -6.881   -5.328   -2.960   -2.717   -2.723   -1.903
            0.810000  0.577350  0.000000
  -73.984  -40.416  -40.447  -40.364  -19.546  -18.250  -11.013   -9.289   -8.376   -7.889
   -8.053   -6.883   -5.312   -2.953   -2.718   -2.726   -1.926
            0.813333  0.577350  0.000000
  -73.984  -40.414  -40.448  -40.363  -19.558  -18.253  -11.027   -9.263   -8.357   -7.868
   -8.061   -6.884   -5.296   -2.946   -2.718   -2.730   -1.948
            0.816667  0.577350  0.000000
  -73.984  -40.412  -40.448  -40.363  -19.570  -18.257  -11.041   -9.238   -8.338   -7.846
   -8.069   -6.886   -5.280   -2.939   -2.718   -2.733   -1.970
            0.820000  0.577350  0.000000
  -73.984  -40.410  -40.449  -40.362  -19.581  -18.260  -11.054   -9.213   -8.320   -7.825
   -8.077   -6.888   -5.264   -2.932   -2.718   -2.736   -1.992
            0.823333  0.577350  0.000000
  -73.983  -40.408  -40.449  -40.361  -19.593  -18.264  -11.068   -9.188   -8.301   -7.804
   -8.085   -6.890   -5.248   -2.924   -2.717   -2.739   -2.014
            0.826667  0.577350  0.000000
  -73.983  -40.406  -40.450  -40.361  -19.604  -18.267  -11.081   -9.163   -8.282   -7.783
   -8.093   -6.892   -5.233   -2.917   -2.716   -2.741   -2.036
            0.830000  0.577350  0.000000
  -73.983  -40.404  -40.450  -40.360  -19.615  -18.270  -11.094   -9.138   -8.264   -7.762
   -8.102   -6.895   -5.218   -2.910   -2.715   -2.743   -2.058
            0.833333  0.577350  0.000000
  -73.983  -40.402  -40.450  -40.360  -19.625  -18.274  -11.107   -9.113   -8.245   -7.742
   -8.110   -6.897   -5.203   -2.903   -2.713   -2.745   -2.079
            0.836667  0.577350  0.000000
  -73.983  -40.400  -40.451  -40.359  -19.636  -18.277  -11.119   -9.088   -8.226   -7.722
   -8.117   -6.900   -5.189   -2.896   -2.711   -2.747   -2.100
            0.840000  0.577350  0.000000
  -73.983  -40.398  -40.451  -40.359  -19.646  -18.280  -11.132   -9.063   -8.207   -7.702
   -8.125   -6.903   -5.175   -2.888   -2.709   -2.748   -2.121
            0.843333  0.577350  0.000000
  -73.983  -40.396  -40.452  -40.358  -19.657  -18.283  -11.144   -9.039   -8.188   -7.683
   -8.133   -6.906   -5.161   -2.881   -2.707   -2.749   -2.142
            0.846667  0.577350  0.000000
  -73.983  -40.394  -40.452  -40.358  -19.667  -18.286  -11.156   -9.015   -8.169   -7.664
   -8.141   -6.909   -5.147   -2.874   -2.704   -2.750   -2.162
            0.850000  0.577350  0.000000
  -73.983  -40.392  -40.452  -40.357  -19.677  -18.289  -11.168   -8.990   -8.150   -7.645
   -8.149   -6.912   -5.134   -2.866   -2.701   -2.751   -2.182
            0.853333  0.577350  0.000000
  -73.983  -40.390  -40.453  -40.357  -19.686  -18.292  -11.180   -8.967   -8.131   -7.627
   -8.156   -6.916   -5.121   -2.858   -2.698   -2.751   -2.202
            0.856667  0.577350  0.000000
  -73.983  -40.388  -40.453  -40.356  -19.696  -18.295  -11.191   -8.943   -8.112   -7.609
   -8.164   -6.920   -5.109   -2.851   -2.695   -2.751   -2.222
            0.860000  0.577350  0.000000
  -73.983  -40.386  -40.453  -40.356  -19.705  -18.298  -11.202   -8.919   -8.093   -7.591
   -8.171   -6.924   -5.096   -2.843   -2.692   -2.751   -2.241
            0.863333  0.577350  0.000000
  -73.983  -40.384  -40.454  -40.355  -19.714  -18.300  -11.213   -8.896   -8.074   -7.574
   -8.178   -6.928   -5.085   -2.835   -2.688   -2.751   -2.260
            0.866667  0.577350  0.000000
  -73.983  -40.383  -40.454  -40.355  -19.723  -18.303  -11.224   -8.873   -8.055   -7.557
   -8.186   -6.933   -5.073   -2.827   -2.685   -2.751   -2.279
            0.870000  0.577350  0.000000
  -73.984  -40.381  -40.454  -40.354  -19.732  -18.306  -11.234   -8.850   -8.036   -7.541
   -8.193   -6.937   -5.062   -2.819   -2.681   -2.750   -2.297
            0.873333  0.577350  0.000000
  -73.984  -40.379  -40.455  -40.354  -19.740  -18.308  -11.245   -8.828   -8.017   -7.525
   -8.200   -6.942   -5.051   -2.811   -2.677   -2.749   -2.315
            0.876667  0.577350  0.000000
  -73.984  -40.378  -40.455  -40.353  -19.749  -18.311  -11.255   -8.806   -7.998   -7.509
   -8.207   -6.947   -5.041   -2.802   -2.673   -2.748   -2.332
            0.880000  0.577350  0.000000
  -73.984  -40.376  -40.455  -40.353  -19.757  -18.313  -11.264   -8.784   -7.979   -7.494
   -8.213   -6.952   -5.030   -2.794   -2.669   -2.746   -2.350
            0.883333  0.577350  0.000000
  -73.984  -40.374  -40.456  -40.353  -19.765  -18.316  -11.274   -8.763   -7.960   -7.479
   -8.220   -6.958   -5.021   -2.786   -2.665   -2.745   -2.367
            0.886667  0.577350  0.000000
  -73.984  -40.373  -40.456  -40.352  -19.772  -18.318  -11.283   -8.742   -7.941   -7.464
   -8.226   -6.963   -5.011   -2.777   -2.661   -2.743   -2.383
            0.890000  0.577350  0.000000
  -73.985  -40.371  -40.456  -40.352  -19.780  -18.320  -11.292   -8.721   -7.922   -7.450
   -8.232   -6.969   -5.002   -2.768   -2.657   -2.742   -2.399
            0.893333  0.577350  0.000000
  -73.985  -40.370  -40.457  -40.351  -19.787  -18.322  -11.301   -8.700   -7.904   -7.437
   -8.239   -6.975   -4.993   -2.760   -2.654   -2.740   -2.415
            0.896667  0.577350  0.000000
  -73.985  -40.368  -40.457  -40.351  -19.794  -18.324  -11.310   -8.680   -7.885   -7.423
   -8.245   -6.982   -4.985   -2.751   -2.650   -2.737   -2.430
            0.900000  0.577350  0.000000
  -73.985  -40.367  -40.457  -40.351  -19.801  -18.327  -11.318   -8.661   -7.866   -7.411
   -8.250   -6.988   -4.977   -2.743   -2.646   -2.735   -2.445
            0.903333  0.577350  0.000000
  -73.985  -40.366  -40.457  -40.350  -19.808  -18.329  -11.326   -8.642   -7.847   -7.398
   -8.256   -6.995   -4.969   -2.734   -2.642   -2.733   -2.460
            0.906667  0.577350  0.000000
  -73.986  -40.364  -40.458  -40.350  -19.814  -18.331  -11.334   -8.623   -7.829   -7.386
   -8.262   -7.002   -4.961   -2.725   -2.638   -2.730   -2.474
            0.910000  0.577350  0.000000
  -73.986  -40.363  -40.458  -40.350  -19.820  -18.332  -11.342   -8.605   -7.810   -7.375
   -8.267   -7.009   -4.954   -2.717   -2.634   -2.728   -2.488
            0.913333  0.577350  0.000000
  -73.986  -40.362  -40.458  -40.349  -19.826  -18.334  -11.349   -8.587   -7.792   -7.364
   -8.272   -7.016   -4.947   -2.708   -2.631   -2.725   -2.501
            0.916667  0.577350  0.000000
  -73.986  -40.361  -40.458  -40.349  -19.832  -18.336  -11.356   -8.570   -7.773   -7.353
   -8.277   -7.024   -4.941   -2.700   -2.627   -2.723   -2.514
            0.920000  0.577350  0.000000
  -73.986  -40.359  -40.458  -40.349  -19.838  -18.338  -11.363   -8.553   -7.755   -7.343
   -8.282   -7.032   -4.935   -2.692   -2.623   -2.720   -2.526
            0.923333  0.577350  0.000000
  -73.986  -40.358  -40.459  -40.349  -19.843  -18.339  -11.370   -8.537   -7.737   -7.333
   -8.287   -7.040   -4.929   -2.684   -2.620   -2.717   -2.538
            0.926667  0.577350  0.000000
  -73.986  -40.357  -40.459  -40.348  -19.848  -18.341  -11.376   -8.521   -7.719   -7.324
   -8.291   -7.048   -4.923   -2.676   -2.617   -2.714   -2.549
            0.930000  0.577350  0.000000
  -73.986  -40.356  -40.459  -40.348  -19.853  -18.342  -11.382   -8.506   -7.701   -7.315
   -8.296   -7.057   -4.918   -2.668   -2.614   -2.712   -2.560
            0.933333  0.577350  0.000000
  -73.987  -40.355  -40.459  -40.348  -19.858  -18.344  -11.388   -8.491   -7.683   -7.307
   -8.300   -7.065   -4.913   -2.660   -2.610   -2.709   -2.571
            0.936667  0.577350  0.000000
  -73.987  -40.354  -40.459  -40.348  -19.863  -18.345  -11.394   -8.477   -7.666   -7.299
   -8.304   -7.074   -4.908   -2.653   -2.607   -2.706   -2.581
            0.940000  0.577350  0.000000
  -73.987  -40.353  -40.460  -40.347  -19.867  -18.346  -11.399   -8.464   -7.648   -7.291
   -8.308   -7.083   -4.903   -2.646   -2.605   -2.703   -2.590
            0.943333  0.577350  0.000000
  -73.987  -40.353  -40.460  -40.347  -19.871  -18.348  -11.404   -8.451   -7.631   -7.284
   -8.311   -7.093   -4.899   -2.639   -2.602   -2.701   -2.599
            0.946667  0.577350  0.000000
  -73.987  -40.352  -40.460  -40.347  -19.875  -18.349  -11.409   -8.439   -7.615   -7.277
   -8.315   -7.102   -4.895   -2.633   -2.599   -2.698   -2.608
            0.950000  0.577350  0.000000
  -73.987  -40.351  -40.460  -40.347  -19.878  -18.350  -11.413   -8.428   -7.598   -7.271
   -8.318   -7.111   -4.891   -2.626   -2.597   -2.696   -2.616
            0.953333  0.577350  0.000000
  -73.986  -40.350  -40.460  -40.347  -19.882  -18.351  -11.417   -8.417   -7.582   -7.265
   -8.321   -7.121   -4.888   -2.621   -2.594   -2.693   -2.624
            0.956667  0.577350  0.000000
  -73.986  -40.350  -40.460  -40.347  -19.885  -18.352  -11.421   -8.407   -7.566   -7.260
   -8.324   -7.131   -4.884   -2.615   -2.592   -2.691   -2.631
            0.960000  0.577350  0.000000
  -73.986  -40.349  -40.460  -40.346  -19.888  -18.353  -11.425   -8.398   -7.550   -7.255
   -8.327   -7.141   -4.881   -2.610   -2.590   -2.689   -2.637
            0.963333  0.577350  0.000000
  -73.986  -40.349  -40.461  -40.346  -19.891  -18.353  -11.428   -8.389   -7.535   -7.250
   -8.329   -7.150   -4.879   -2.605   -2.588   -2.687   -2.643
            0.966667  0.577350  0.000000
  -73.986  -40.348  -40.461  -40.346  -19.893  -18.354  -11.431   -8.381   -7.520   -7.246
   -8.331   -7.160   -4.876   -2.600   -2.587   -2.685   -2.649
            0.970000  0.577350  0.000000
  -73.986  -40.348  -40.461  -40.346  -19.895  -18.355  -11.434   -8.374   -7.506   -7.242
   -8.333   -7.170   -4.874   -2.596   -2.585   -2.683   -2.654
            0.973333  0.577350  0.000000
  -73.986  -40.347  -40.461  -40.346  -19.897  -18.355  -11.437   -8.367   -7.493   -7.238
   -8.335   -7.179   -4.872   -2.593   -2.584   -2.681   -2.658
            0.976667  0.577350  0.000000
  -73.986  -40.347  -40.461  -40.346  -19.899  -18.356  -11.439   -8.361   -7.480   -7.235
   -8.337   -7.188   -4.870   -2.589   -2.582   -2.680   -2.662
            0.980000  0.577350  0.000000
  -73.986  -40.346  -40.461  -40.346  -19.901  -18.356  -11.441   -8.356   -7.469   -7.233
   -8.338   -7.197   -4.869   -2.586   -2.581   -2.679   -2.666
            0.983333  0.577350  0.000000
  -73.986  -40.346  -40.461  -40.346  -19.902  -18.357  -11.442   -8.352   -7.458   -7.231
   -8.339   -7.205   -4.867   -2.584   -2.580   -2.678   -2.668
            0.986667  0.577350  0.000000
  -73.986  -40.346  -40.461  -40.346  -19.903  -18.357  -11.444   -8.349   -7.449   -7.229
   -8.340   -7.212   -4.866   -2.582   -2.580   -2.677   -2.671
            0.990000  0.577350  0.000000
  -73.986  -40.346  -40.461  -40.346  -19.904  -18.357  -11.445   -8.346   -7.442   -7.227
   -8.341   -7.218   -4.865   -2.580   -2.579   -2.676   -2.673
            0.993333  0.577350  0.000000
  -73.986  -40.346  -40.461  -40.346  -19.904  -18.358  -11.446   -8.344   -7.436   -7.226
   -8.342   -7.222   -4.865   -2.579   -2.579   -2.676   -2.674
            0.996667  0.577350  0.000000
  -73.986  -40.346  -40.461  -40.346  -19.905  -18.358  -11.446   -8.343   -7.433   -7.226
   -8.342   -7.225   -4.864   -2.579   -2.578   -2.675   -2.675
            1.000000  0.577350  0.000000
  -73.986  -40.346  -40.461  -40.346  -19.905  -18.358  -11.446   -8.342   -7.431   -7.226
   -8.342   -7.226   -4.864   -2.578   -2.578   -2.675   -2.675
